over_id,over_overNumber,over_runrate,over_runsConceded,over_wickets,over_runsExtras,over_totalInningRuns,over_totalInningWickets,over_totalRuns,id,matchName,fixtureId,fixtureName,inningNumber,battingTeamId,battingTeamName,bowlingTeamId,bowlingTeamName,ball_id,ballDateTime,ballNumber,totalBallNumber,isWicket,bowlerPlayerId,bowlerPlayerName,battingPlayerId,battingPlayerName,nonStrikeBattingPlayerId,nonStrikeBattingPlayerName,runsConceded,extras,runs,runsScored,battingFeetId,outcomeId,referralOutcomeId,noBallReasonId,isWide,isNoBall,isByes,isLegByes,isAirControlled,isAppeal,isFreeHit,isNewBall,isPowerPlay,isBattingPowerPlay,isFloodLit,isReferred,teamRuns,runsByes,runsWide,runsLegByes,noBallsCount,isBoundry,isAirNotControlled,dismissalTypeId,dismissalPlayerId,dismissalPlayerName,dismissalType,appealDismissalTypeId,battingHandId,bowlingFromId,bowlingDetailId,bowlingTypeId,bowlingHandId
1650546,2,9.0,7,0,0,18,0,7,76594,,40405,India v Australia U19 1-day 2026 - Men,1,229,India U19 Men,225,Australia U19 Men,8828956,2026-09-21T03:37:22Z,1,9.0,False,22159,Theo Tsingos,21243,Lakshya Raichandani,22132,Aaryavir Sehwag,0,0,0,0,0,Null,NotReferred,Null,False,False,False,False,False,True,False,False,True,False,False,False,0,0,0,0,0,False,False,,,,,,,,,,
1650546,2,9.0,7,0,0,18,0,7,76594,,40405,India v Australia U19 1-day 2026 - Men,1,229,India U19 Men,225,Australia U19 Men,8828957,2026-09-21T03:37:25Z,2,10.0,False,22159,Theo Tsingos,21243,Lakshya Raichandani,22132,Aaryavir Sehwag,0,0,0,0,0,Null,NotReferred,Null,False,False,False,False,False,True,False,False,True,False,False,False,0,0,0,0,0,False,False,,,,,,,,,,
1650546,2,9.0,7,0,0,18,0,7,76594,,40405,India v Australia U19 1-day 2026 - Men,1,229,India U19 Men,225,Australia U19 Men,8828958,2026-09-21T03:39:30Z,3,11.0,False,22159,Theo Tsingos,21243,Lakshya Raichandani,22132,Aaryavir Sehwag,0,0,0,0,0,Null,NotReferred,Null,False,False,False,False,False,True,False,False,True,False,False,False,0,0,0,0,0,False,False,,,,,,,,,,
1650546,2,9.0,7,0,0,18,0,7,76594,,40405,India v Australia U19 1-day 2026 - Men,1,229,India U19 Men,225,Australia U19 Men,8828959,2026-09-21T03:39:33Z,4,12.0,False,22159,Theo Tsingos,21243,Lakshya Raichandani,22132,Aaryavir Sehwag,0,0,0,0,0,Null,NotReferred,Null,False,False,False,False,False,True,False,False,True,False,False,False,0,0,0,0,0,False,False,,,,,,,,,,
1650546,2,9.0,7,0,0,18,0,7,76594,,40405,India v Australia U19 1-day 2026 - Men,1,229,India U19 Men,225,Australia U19 Men,8828960,2026-09-21T03:39:35Z,5,13.0,False,22159,Theo Tsingos,21243,Lakshya Raichandani,22132,Aaryavir Sehwag,1,1,1,0,0,Null,NotReferred,Null,True,False,False,False,False,True,False,False,True,False,False,False,1,0,1,0,0,False,False,,,,,,,,,,
1650546,2,9.0,7,0,0,18,0,7,76594,,40405,India v Australia U19 1-day 2026 - Men,1,229,India U19 Men,225,Australia U19 Men,8828961,2026-09-21T03:39:38Z,5,14.0,False,22159,Theo Tsingos,21243,Lakshya Raichandani,22132,Aaryavir Sehwag,5,5,5,0,0,Null,NotReferred,Null,True,False,False,False,False,True,False,False,True,False,False,False,5,0,5,0,0,True,False,,,,,,,,,,
1650546,2,9.0,7,0,0,18,0,7,76594,,40405,India v Australia U19 1-day 2026 - Men,1,229,India U19 Men,225,Australia U19 Men,8828962,2026-09-21T03:40:05Z,5,15.0,False,22159,Theo Tsingos,21243,Lakshya Raichandani,22132,Aaryavir Sehwag,1,0,1,1,0,Null,NotReferred,Null,False,False,False,False,False,True,False,False,True,False,False,False,1,0,0,0,0,False,False,,,,,,,,,,
1650546,2,9.0,7,0,0,18,0,7,76594,,40405,India v Australia U19 1-day 2026 - Men,1,229,India U19 Men,225,Australia U19 Men,8828963,2026-09-21T03:40:35Z,6,16.0,False,22159,Theo Tsingos,22132,Aaryavir Sehwag,21243,Lakshya Raichandani,0,0,0,0,0,Null,NotReferred,Null,False,False,False,False,False,True,False,False,True,False,False,False,0,0,0,0,0,False,False,,,,,,,,,,
1650547,3,6.33,1,0,0,19,0,1,76594,,40405,India v Australia U19 1-day 2026 - Men,1,229,India U19 Men,225,Australia U19 Men,8828964,2026-09-21T03:41:36Z,1,17.0,False,22158,Patrick Sullivan,21243,Lakshya Raichandani,22132,Aaryavir Sehwag,0,0,0,0,0,Null,NotReferred,Null,False,False,False,False,False,True,False,False,True,False,False,False,0,0,0,0,0,False,False,,,,,,,,,,
1650547,3,6.33,1,0,0,19,0,1,76594,,40405,India v Australia U19 1-day 2026 - Men,1,229,India U19 Men,225,Australia U19 Men,8828965,2026-09-21T03:41:57Z,2,18.0,False,22158,Patrick Sullivan,21243,Lakshya Raichandani,22132,Aaryavir Sehwag,0,0,0,0,0,Null,NotReferred,Null,False,False,False,False,False,True,False,False,True,False,False,False,0,0,0,0,0,False,False,,,,,,,,,,
1650547,3,6.33,1,0,0,19,0,1,76594,,40405,India v Australia U19 1-day 2026 - Men,1,229,India U19 Men,225,Australia U19 Men,8828966,2026-09-21T03:42:36Z,3,19.0,False,22158,Patrick Sullivan,21243,Lakshya Raichandani,22132,Aaryavir Sehwag,0,0,0,0,0,Null,NotReferred,Null,False,False,False,False,False,True,False,False,True,False,False,False,0,0,0,0,0,False,False,,,,,,,,,,
1650547,3,6.33,1,0,0,19,0,1,76594,,40405,India v Australia U19 1-day 2026 - Men,1,229,India U19 Men,225,Australia U19 Men,8828967,2026-09-21T03:43:18Z,4,20.0,False,22158,Patrick Sullivan,21243,Lakshya Raichandani,22132,Aaryavir Sehwag,1,0,1,1,0,Null,NotReferred,Null,False,False,False,False,False,True,False,False,True,False,False,False,1,0,0,0,0,False,False,,,,,,,,,,
1650547,3,6.33,1,0,0,19,0,1,76594,,40405,India v Australia U19 1-day 2026 - Men,1,229,India U19 Men,225,Australia U19 Men,8828968,2026-09-21T03:43:52Z,5,21.0,False,22158,Patrick Sullivan,22132,Aaryavir Sehwag,21243,Lakshya Raichandani,0,0,0,0,0,Null,NotReferred,Null,False,False,False,False,False,True,False,False,True,False,False,False,0,0,0,0,0,False,False,,,,,,,,,,
1650547,3,6.33,1,0,0,19,0,1,76594,,40405,India v Australia U19 1-day 2026 - Men,1,229,India U19 Men,225,Australia U19 Men,8828969,2026-09-21T03:44:37Z,6,22.0,False,22158,Patrick Sullivan,22132,Aaryavir Sehwag,21243,Lakshya Raichandani,0,0,0,0,0,Null,NotReferred,Null,False,False,False,False,False,True,False,False,True,False,False,False,0,0,0,0,0,False,False,,,,,,,,,,
1650548,4,8.25,14,0,0,33,0,14,76594,,40405,India v Australia U19 1-day 2026 - Men,1,229,India U19 Men,225,Australia U19 Men,8828970,2026-09-21T03:45:37Z,1,23.0,False,22159,Theo Tsingos,21243,Lakshya Raichandani,22132,Aaryavir Sehwag,5,5,5,0,0,Null,NotReferred,Null,True,False,False,False,False,True,False,False,True,False,False,False,5,0,5,0,0,True,False,,,,,,,,,,
1650548,4,8.25,14,0,0,33,0,14,76594,,40405,India v Australia U19 1-day 2026 - Men,1,229,India U19 Men,225,Australia U19 Men,8828971,2026-09-21T03:46:24Z,1,24.0,False,22159,Theo Tsingos,21243,Lakshya Raichandani,22132,Aaryavir Sehwag,0,1,1,0,0,Null,NotReferred,Null,False,False,False,True,False,True,False,False,True,False,False,False,1,0,0,1,0,False,False,,,,,,,,,,
1650548,4,8.25,14,0,0,33,0,14,76594,,40405,India v Australia U19 1-day 2026 - Men,1,229,India U19 Men,225,Australia U19 Men,8828972,2026-09-21T03:46:53Z,2,25.0,False,22159,Theo Tsingos,22132,Aaryavir Sehwag,21243,Lakshya Raichandani,0,0,0,0,0,Null,NotReferred,Null,False,False,False,False,False,True,False,False,True,False,False,False,0,0,0,0,0,False,False,,,,,,,,,,
1650548,4,8.25,14,0,0,33,0,14,76594,,40405,India v Australia U19 1-day 2026 - Men,1,229,India U19 Men,225,Australia U19 Men,8828973,2026-09-21T03:47:39Z,3,26.0,False,22159,Theo Tsingos,22132,Aaryavir Sehwag,21243,Lakshya Raichandani,4,0,4,4,0,Null,NotReferred,Null,False,False,False,False,False,True,False,False,True,False,False,False,4,0,0,0,0,True,False,,,,,,,,,,
1650548,4,8.25,14,0,0,33,0,14,76594,,40405,India v Australia U19 1-day 2026 - Men,1,229,India U19 Men,225,Australia U19 Men,8828974,2026-09-21T03:48:09Z,4,27.0,False,22159,Theo Tsingos,22132,Aaryavir Sehwag,21243,Lakshya Raichandani,0,0,0,0,0,Null,NotReferred,Null,False,False,False,False,False,True,False,False,True,False,False,False,0,0,0,0,0,False,False,,,,,,,,,,
1650548,4,8.25,14,0,0,33,0,14,76594,,40405,India v Australia U19 1-day 2026 - Men,1,229,India U19 Men,225,Australia U19 Men,8828975,2026-09-21T03:48:55Z,5,28.0,False,22159,Theo Tsingos,22132,Aaryavir Sehwag,21243,Lakshya Raichandani,0,0,0,0,0,Null,NotReferred,Null,False,False,False,False,False,True,False,False,True,False,False,False,0,0,0,0,0,False,False,,,,,,,,,,
1650548,4,8.25,14,0,0,33,0,14,76594,,40405,India v Australia U19 1-day 2026 - Men,1,229,India U19 Men,225,Australia U19 Men,8828976,2026-09-21T03:49:40Z,6,29.0,False,22159,Theo Tsingos,22132,Aaryavir Sehwag,21243,Lakshya Raichandani,4,0,4,4,0,Null,NotReferred,Null,False,False,False,False,False,True,False,False,True,False,False,False,4,0,0,0,0,True,False,,,,,,,,,,
1650549,5,7.6,5,0,0,38,0,5,76594,,40405,India v Australia U19 1-day 2026 - Men,1,229,India U19 Men,225,Australia U19 Men,8828977,2026-09-21T03:50:25Z,1,30.0,False,22158,Patrick Sullivan,21243,Lakshya Raichandani,22132,Aaryavir Sehwag,0,0,0,0,0,Null,NotReferred,Null,False,False,False,False,False,True,False,False,True,False,False,False,0,0,0,0,0,False,False,,,,,,,,,,
1650549,5,7.6,5,0,0,38,0,5,76594,,40405,India v Australia U19 1-day 2026 - Men,1,229,India U19 Men,225,Australia U19 Men,8828978,2026-09-21T03:50:57Z,2,31.0,False,22158,Patrick Sullivan,21243,Lakshya Raichandani,22132,Aaryavir Sehwag,0,0,0,0,0,Null,NotReferred,Null,False,False,False,False,False,True,False,False,True,False,False,False,0,0,0,0,0,False,False,,,,,,,,,,
1650549,5,7.6,5,0,0,38,0,5,76594,,40405,India v Australia U19 1-day 2026 - Men,1,229,India U19 Men,225,Australia U19 Men,8828979,2026-09-21T03:51:37Z,3,32.0,False,22158,Patrick Sullivan,21243,Lakshya Raichandani,22132,Aaryavir Sehwag,4,0,4,4,0,Null,NotReferred,Null,False,False,False,False,False,True,False,False,True,False,False,False,4,0,0,0,0,True,False,,,,,,,,,,
1650549,5,7.6,5,0,0,38,0,5,76594,,40405,India v Australia U19 1-day 2026 - Men,1,229,India U19 Men,225,Australia U19 Men,8828980,2026-09-21T03:52:09Z,4,33.0,False,22158,Patrick Sullivan,21243,Lakshya Raichandani,22132,Aaryavir Sehwag,1,0,1,1,0,Null,NotReferred,Null,False,False,False,False,False,True,False,False,True,False,False,False,1,0,0,0,0,False,False,,,,,,,,,,
1650549,5,7.6,5,0,0,38,0,5,76594,,40405,India v Australia U19 1-day 2026 - Men,1,229,India U19 Men,225,Australia U19 Men,8828981,2026-09-21T03:52:58Z,5,34.0,False,22158,Patrick Sullivan,22132,Aaryavir Sehwag,21243,Lakshya Raichandani,0,0,0,0,0,Null,NotReferred,Null,False,False,False,False,False,True,False,False,True,False,False,False,0,0,0,0,0,False,False,,,,,,,,,,
1650549,5,7.6,5,0,0,38,0,5,76594,,40405,India v Australia U19 1-day 2026 - Men,1,229,India U19 Men,225,Australia U19 Men,8828982,2026-09-21T03:53:27Z,6,35.0,False,22158,Patrick Sullivan,22132,Aaryavir Sehwag,21243,Lakshya Raichandani,0,0,0,0,0,Null,NotReferred,Null,False,False,False,False,False,True,False,False,True,False,False,False,0,0,0,0,0,False,False,,,,,,,,,,
1650550,6,6.5,1,0,0,39,0,1,76594,,40405,India v Australia U19 1-day 2026 - Men,1,229,India U19 Men,225,Australia U19 Men,8828983,2026-09-21T03:54:44Z,1,36.0,False,22147,Thomas Vaseo,21243,Lakshya Raichandani,22132,Aaryavir Sehwag,0,0,0,0,0,Null,NotReferred,Null,False,False,False,False,False,True,False,False,True,False,False,False,0,0,0,0,0,False,False,,,,,,,,,,
1650550,6,6.5,1,0,0,39,0,1,76594,,40405,India v Australia U19 1-day 2026 - Men,1,229,India U19 Men,225,Australia U19 Men,8828984,2026-09-21T03:55:13Z,2,37.0,False,22147,Thomas Vaseo,21243,Lakshya Raichandani,22132,Aaryavir Sehwag,0,0,0,0,0,Null,NotReferred,Null,False,False,False,False,False,True,False,False,True,False,False,False,0,0,0,0,0,False,False,,,,,,,,,,
1650550,6,6.5,1,0,0,39,0,1,76594,,40405,India v Australia U19 1-day 2026 - Men,1,229,India U19 Men,225,Australia U19 Men,8828985,2026-09-21T03:55:43Z,3,38.0,False,22147,Thomas Vaseo,21243,Lakshya Raichandani,22132,Aaryavir Sehwag,0,0,0,0,0,Null,NotReferred,Null,False,False,False,False,False,True,False,False,True,False,False,False,0,0,0,0,0,False,False,,,,,,,,,,
1650550,6,6.5,1,0,0,39,0,1,76594,,40405,India v Australia U19 1-day 2026 - Men,1,229,India U19 Men,225,Australia U19 Men,8828986,2026-09-21T03:56:29Z,4,39.0,False,22147,Thomas Vaseo,21243,Lakshya Raichandani,22132,Aaryavir Sehwag,0,0,0,0,0,Null,NotReferred,Null,False,False,False,False,False,True,False,False,True,False,False,False,0,0,0,0,0,False,False,,,,,,,,,,
1650550,6,6.5,1,0,0,39,0,1,76594,,40405,India v Australia U19 1-day 2026 - Men,1,229,India U19 Men,225,Australia U19 Men,8828987,2026-09-21T03:56:59Z,5,5.0,False,22147,Thomas Vaseo,21243,Lakshya Raichandani,22132,Aaryavir Sehwag,0,0,0,0,0,Null,NotReferred,Null,False,False,False,False,False,True,False,False,True,False,False,False,0,0,0,0,0,False,False,,,,,,,,,,
1650550,6,6.5,1,0,0,39,0,1,76594,,40405,India v Australia U19 1-day 2026 - Men,1,229,India U19 Men,225,Australia U19 Men,8828988,2026-09-21T03:57:45Z,6,41.0,False,22147,Thomas Vaseo,21243,Lakshya Raichandani,22132,Aaryavir Sehwag,1,0,1,1,0,Null,NotReferred,Null,False,False,False,False,False,True,False,False,True,False,False,False,1,0,0,0,0,False,False,,,,,,,,,,
1650551,7,5.86,2,0,0,41,0,2,76594,,40405,India v Australia U19 1-day 2026 - Men,1,229,India U19 Men,225,Australia U19 Men,8828989,2026-09-21T03:58:46Z,1,42.0,False,22158,Patrick Sullivan,21243,Lakshya Raichandani,22132,Aaryavir Sehwag,0,0,0,0,0,Null,NotReferred,Null,False,False,False,False,False,True,False,False,True,False,False,False,0,0,0,0,0,False,False,,,,,,,,,,
1650551,7,5.86,2,0,0,41,0,2,76594,,40405,India v Australia U19 1-day 2026 - Men,1,229,India U19 Men,225,Australia U19 Men,8828990,2026-09-21T03:59:16Z,2,43.0,False,22158,Patrick Sullivan,21243,Lakshya Raichandani,22132,Aaryavir Sehwag,0,0,0,0,0,Null,NotReferred,Null,False,False,False,False,False,True,False,False,True,False,False,False,0,0,0,0,0,False,False,,,,,,,,,,
1650551,7,5.86,2,0,0,41,0,2,76594,,40405,India v Australia U19 1-day 2026 - Men,1,229,India U19 Men,225,Australia U19 Men,8828991,2026-09-21T04:00:01Z,3,44.0,False,22158,Patrick Sullivan,21243,Lakshya Raichandani,22132,Aaryavir Sehwag,2,0,2,2,0,Null,NotReferred,Null,False,False,False,False,False,True,False,False,True,False,False,False,2,0,0,0,0,False,False,,,,,,,,,,
1650551,7,5.86,2,0,0,41,0,2,76594,,40405,India v Australia U19 1-day 2026 - Men,1,229,India U19 Men,225,Australia U19 Men,8828992,2026-09-21T04:00:46Z,4,45.0,False,22158,Patrick Sullivan,21243,Lakshya Raichandani,22132,Aaryavir Sehwag,0,0,0,0,0,Null,NotReferred,Null,False,False,False,False,False,True,False,False,True,False,False,False,0,0,0,0,0,False,False,,,,,,,,,,
1650551,7,5.86,2,0,0,41,0,2,76594,,40405,India v Australia U19 1-day 2026 - Men,1,229,India U19 Men,225,Australia U19 Men,8828993,2026-09-21T04:01:17Z,5,46.0,False,22158,Patrick Sullivan,21243,Lakshya Raichandani,22132,Aaryavir Sehwag,0,0,0,0,0,Null,NotReferred,Null,False,False,False,False,False,True,False,False,True,False,False,False,0,0,0,0,0,False,False,,,,,,,,,,
1650551,7,5.86,2,0,0,41,0,2,76594,,40405,India v Australia U19 1-day 2026 - Men,1,229,India U19 Men,225,Australia U19 Men,8828994,2026-09-21T04:02:02Z,6,47.0,False,22158,Patrick Sullivan,21243,Lakshya Raichandani,22132,Aaryavir Sehwag,0,0,0,0,0,Null,NotReferred,Null,False,False,False,False,False,True,False,False,True,False,False,False,0,0,0,0,0,False,False,,,,,,,,,,
1650552,8,6.88,14,1,0,55,1,14,76594,,40405,India v Australia U19 1-day 2026 - Men,1,229,India U19 Men,225,Australia U19 Men,8828995,2026-09-21T04:03:03Z,1,48.0,False,22147,Thomas Vaseo,22132,Aaryavir Sehwag,21243,Lakshya Raichandani,4,0,4,4,0,Null,NotReferred,Null,False,False,False,False,False,True,False,False,True,False,False,False,4,0,0,0,0,True,False,,,,,,,,,,
1650552,8,6.88,14,1,0,55,1,14,76594,,40405,India v Australia U19 1-day 2026 - Men,1,229,India U19 Men,225,Australia U19 Men,8828996,2026-09-21T04:03:29Z,2,49.0,False,22147,Thomas Vaseo,22132,Aaryavir Sehwag,21243,Lakshya Raichandani,1,0,1,1,0,Null,NotReferred,Null,False,False,False,False,False,True,False,False,True,False,False,False,1,0,0,0,0,False,False,,,,,,,,,,
1650552,8,6.88,14,1,0,55,1,14,76594,,40405,India v Australia U19 1-day 2026 - Men,1,229,India U19 Men,225,Australia U19 Men,8828997,2026-09-21T04:04:50Z,3,50.0,True,22147,Thomas Vaseo,21243,Lakshya Raichandani,22132,Aaryavir Sehwag,0,0,0,0,0,Null,NotReferred,Null,False,False,False,False,False,True,False,False,True,False,False,False,0,0,0,0,0,False,False,Caught,21243.0,Lakshya Raichandani,Caught,Caught,,,,,
1650552,8,6.88,14,1,0,55,1,14,76594,,40405,India v Australia U19 1-day 2026 - Men,1,229,India U19 Men,225,Australia U19 Men,8828998,2026-09-21T04:06:20Z,4,51.0,False,22147,Thomas Vaseo,22153,VK Vineeth,22132,Aaryavir Sehwag,1,0,1,1,0,Null,NotReferred,Null,False,False,False,False,False,True,False,False,True,False,False,False,1,0,0,0,0,False,False,,,,,,,,,,
1650552,8,6.88,14,1,0,55,1,14,76594,,40405,India v Australia U19 1-day 2026 - Men,1,229,India U19 Men,225,Australia U19 Men,8828999,2026-09-21T04:07:21Z,5,52.0,False,22147,Thomas Vaseo,22132,Aaryavir Sehwag,22153,VK Vineeth,4,0,4,4,0,Null,NotReferred,Null,False,False,False,False,False,True,False,False,True,False,False,False,4,0,0,0,0,True,False,,,,,,,,,,
1650552,8,6.88,14,1,0,55,1,14,76594,,40405,India v Australia U19 1-day 2026 - Men,1,229,India U19 Men,225,Australia U19 Men,8829000,2026-09-21T04:07:35Z,6,53.0,False,22147,Thomas Vaseo,22132,Aaryavir Sehwag,22153,VK Vineeth,4,0,4,4,0,Null,NotReferred,Null,False,False,False,False,False,True,False,False,True,False,False,False,4,0,0,0,0,True,False,,,,,,,,,,
1650553,9,6.11,0,0,0,55,1,0,76594,,40405,India v Australia U19 1-day 2026 - Men,1,229,India U19 Men,225,Australia U19 Men,8829001,2026-09-21T04:09:23Z,1,54.0,False,22157,Jacob Pietz,22153,VK Vineeth,22132,Aaryavir Sehwag,0,0,0,0,0,Null,NotReferred,Null,False,False,False,False,False,True,False,False,True,False,False,False,0,0,0,0,0,False,False,,,,,,,,,,
1650553,9,6.11,0,0,0,55,1,0,76594,,40405,India v Australia U19 1-day 2026 - Men,1,229,India U19 Men,225,Australia U19 Men,8829002,2026-09-21T04:09:51Z,2,55.0,False,22157,Jacob Pietz,22153,VK Vineeth,22132,Aaryavir Sehwag,0,0,0,0,0,Null,NotReferred,Null,False,False,False,False,False,True,False,False,True,False,False,False,0,0,0,0,0,False,False,,,,,,,,,,
1650553,9,6.11,0,0,0,55,1,0,76594,,40405,India v Australia U19 1-day 2026 - Men,1,229,India U19 Men,225,Australia U19 Men,8829003,2026-09-21T04:10:07Z,3,56.0,False,22157,Jacob Pietz,22153,VK Vineeth,22132,Aaryavir Sehwag,0,0,0,0,0,Null,NotReferred,Null,False,False,False,False,False,True,False,False,True,False,False,False,0,0,0,0,0,False,False,,,,,,,,,,
1650553,9,6.11,0,0,0,55,1,0,76594,,40405,India v Australia U19 1-day 2026 - Men,1,229,India U19 Men,225,Australia U19 Men,8829004,2026-09-21T04:10:37Z,4,57.0,False,22157,Jacob Pietz,22153,VK Vineeth,22132,Aaryavir Sehwag,0,0,0,0,0,Null,NotReferred,Null,False,False,False,False,False,True,False,False,True,False,False,False,0,0,0,0,0,False,False,,,,,,,,,,
1650553,9,6.11,0,0,0,55,1,0,76594,,40405,India v Australia U19 1-day 2026 - Men,1,229,India U19 Men,225,Australia U19 Men,8829005,2026-09-21T04:11:08Z,5,58.0,False,22157,Jacob Pietz,22153,VK Vineeth,22132,Aaryavir Sehwag,0,0,0,0,0,Null,NotReferred,Null,False,False,False,False,False,True,False,False,True,False,False,False,0,0,0,0,0,False,False,,,,,,,,,,
1650553,9,6.11,0,0,0,55,1,0,76594,,40405,India v Australia U19 1-day 2026 - Men,1,229,India U19 Men,225,Australia U19 Men,8829006,2026-09-21T04:11:11Z,6,59.0,False,22157,Jacob Pietz,22153,VK Vineeth,22132,Aaryavir Sehwag,0,0,0,0,0,Null,NotReferred,Null,False,False,False,False,False,True,False,False,True,False,False,False,0,0,0,0,0,False,False,,,,,,,,,,
1650554,10,5.9,4,0,0,59,1,4,76594,,40405,India v Australia U19 1-day 2026 - Men,1,229,India U19 Men,225,Australia U19 Men,8829007,2026-09-21T04:12:03Z,1,60.0,False,22147,Thomas Vaseo,22132,Aaryavir Sehwag,22153,VK Vineeth,0,0,0,0,0,Null,NotReferred,Null,False,False,False,False,False,True,False,False,True,False,False,False,0,0,0,0,0,False,False,,,,,,,,,,
1650554,10,5.9,4,0,0,59,1,4,76594,,40405,India v Australia U19 1-day 2026 - Men,1,229,India U19 Men,225,Australia U19 Men,8829008,2026-09-21T04:12:39Z,2,61.0,False,22147,Thomas Vaseo,22132,Aaryavir Sehwag,22153,VK Vineeth,0,0,0,0,0,Null,NotReferred,Null,False,False,False,False,False,True,False,False,True,False,False,False,0,0,0,0,0,False,False,,,,,,,,,,
1650554,10,5.9,4,0,0,59,1,4,76594,,40405,India v Australia U19 1-day 2026 - Men,1,229,India U19 Men,225,Australia U19 Men,8829009,2026-09-21T04:13:04Z,3,62.0,False,22147,Thomas Vaseo,22132,Aaryavir Sehwag,22153,VK Vineeth,0,0,0,0,0,Null,NotReferred,Null,False,False,False,False,False,True,False,False,True,False,False,False,0,0,0,0,0,False,False,,,,,,,,,,
1650554,10,5.9,4,0,0,59,1,4,76594,,40405,India v Australia U19 1-day 2026 - Men,1,229,India U19 Men,225,Australia U19 Men,8829010,2026-09-21T04:13:39Z,4,63.0,False,22147,Thomas Vaseo,22132,Aaryavir Sehwag,22153,VK Vineeth,0,0,0,0,0,Null,NotReferred,Null,False,False,False,False,False,True,False,False,True,False,False,False,0,0,0,0,0,False,False,,,,,,,,,,
1650554,10,5.9,4,0,0,59,1,4,76594,,40405,India v Australia U19 1-day 2026 - Men,1,229,India U19 Men,225,Australia U19 Men,8829011,2026-09-21T04:14:10Z,5,64.0,False,22147,Thomas Vaseo,22132,Aaryavir Sehwag,22153,VK Vineeth,0,0,0,0,0,Null,NotReferred,Null,False,False,False,False,False,True,False,False,True,False,False,False,0,0,0,0,0,False,False,,,,,,,,,,
1650554,10,5.9,4,0,0,59,1,4,76594,,40405,India v Australia U19 1-day 2026 - Men,1,229,India U19 Men,225,Australia U19 Men,8829012,2026-09-21T04:15:00Z,6,65.0,False,22147,Thomas Vaseo,22132,Aaryavir Sehwag,22153,VK Vineeth,4,0,4,4,0,Null,NotReferred,Null,False,False,False,False,False,True,False,False,True,False,False,False,4,0,0,0,0,True,False,,,,,,,,,,
1650555,11,5.55,2,0,0,61,1,2,76594,,40405,India v Australia U19 1-day 2026 - Men,1,229,India U19 Men,225,Australia U19 Men,8829013,2026-09-21T04:16:26Z,1,66.0,False,22157,Jacob Pietz,22153,VK Vineeth,22132,Aaryavir Sehwag,0,0,0,0,0,Null,NotReferred,Null,False,False,False,False,False,True,False,False,True,False,False,False,0,0,0,0,0,False,False,,,,,,,,,,
1650555,11,5.55,2,0,0,61,1,2,76594,,40405,India v Australia U19 1-day 2026 - Men,1,229,India U19 Men,225,Australia U19 Men,8829014,2026-09-21T04:16:42Z,2,67.0,False,22157,Jacob Pietz,22153,VK Vineeth,22132,Aaryavir Sehwag,0,0,0,0,0,Null,NotReferred,Null,False,False,False,False,False,True,False,False,True,False,False,False,0,0,0,0,0,False,False,,,,,,,,,,
1650555,11,5.55,2,0,0,61,1,2,76594,,40405,India v Australia U19 1-day 2026 - Men,1,229,India U19 Men,225,Australia U19 Men,8829015,2026-09-21T04:16:57Z,3,68.0,False,22157,Jacob Pietz,22153,VK Vineeth,22132,Aaryavir Sehwag,1,0,1,1,0,Null,NotReferred,Null,False,False,False,False,False,True,False,False,True,False,False,False,1,0,0,0,0,False,False,,,,,,,,,,
1650555,11,5.55,2,0,0,61,1,2,76594,,40405,India v Australia U19 1-day 2026 - Men,1,229,India U19 Men,225,Australia U19 Men,8829016,2026-09-21T04:17:57Z,4,69.0,False,22157,Jacob Pietz,22132,Aaryavir Sehwag,22153,VK Vineeth,1,0,1,1,0,Null,NotReferred,Null,False,False,False,False,False,True,False,False,True,False,False,False,1,0,0,0,0,False,False,,,,,,,,,,
1650555,11,5.55,2,0,0,61,1,2,76594,,40405,India v Australia U19 1-day 2026 - Men,1,229,India U19 Men,225,Australia U19 Men,8829017,2026-09-21T04:18:28Z,5,70.0,False,22157,Jacob Pietz,22153,VK Vineeth,22132,Aaryavir Sehwag,0,0,0,0,0,Null,NotReferred,Null,False,False,False,False,False,True,False,False,True,False,False,False,0,0,0,0,0,False,False,,,,,,,,,,
1650555,11,5.55,2,0,0,61,1,2,76594,,40405,India v Australia U19 1-day 2026 - Men,1,229,India U19 Men,225,Australia U19 Men,8829018,2026-09-21T04:18:58Z,6,71.0,False,22157,Jacob Pietz,22153,VK Vineeth,22132,Aaryavir Sehwag,0,0,0,0,0,Null,NotReferred,Null,False,False,False,False,False,True,False,False,True,False,False,False,0,0,0,0,0,False,False,,,,,,,,,,
1650556,12,5.5,5,0,0,66,1,5,76594,,40405,India v Australia U19 1-day 2026 - Men,1,229,India U19 Men,225,Australia U19 Men,8829019,2026-09-21T04:20:43Z,1,72.0,False,22147,Thomas Vaseo,22132,Aaryavir Sehwag,22153,VK Vineeth,1,1,1,0,0,Null,NotReferred,Null,True,False,False,False,False,True,False,False,True,False,False,False,1,0,1,0,0,False,False,,,,,,,,,,
1650556,12,5.5,5,0,0,66,1,5,76594,,40405,India v Australia U19 1-day 2026 - Men,1,229,India U19 Men,225,Australia U19 Men,8829020,2026-09-21T04:20:59Z,2,1.0,False,22147,Thomas Vaseo,22132,Aaryavir Sehwag,22153,VK Vineeth,1,0,1,1,0,Null,NotReferred,Null,False,False,False,False,False,True,False,False,True,False,False,False,1,0,0,0,0,False,False,,,,,,,,,,
1650556,12,5.5,5,0,0,66,1,5,76594,,40405,India v Australia U19 1-day 2026 - Men,1,229,India U19 Men,225,Australia U19 Men,8829021,2026-09-21T04:21:27Z,2,74.0,False,22147,Thomas Vaseo,22153,VK Vineeth,22132,Aaryavir Sehwag,1,0,1,1,0,Null,NotReferred,Null,False,False,False,False,False,True,False,False,True,False,False,False,1,0,0,0,0,False,False,,,,,,,,,,
1650556,12,5.5,5,0,0,66,1,5,76594,,40405,India v Australia U19 1-day 2026 - Men,1,229,India U19 Men,225,Australia U19 Men,8829022,2026-09-21T04:22:15Z,3,75.0,False,22147,Thomas Vaseo,22132,Aaryavir Sehwag,22153,VK Vineeth,1,0,1,1,0,Null,NotReferred,Null,False,False,False,False,False,True,False,False,True,False,False,False,1,0,0,0,0,False,False,,,,,,,,,,
1650556,12,5.5,5,0,0,66,1,5,76594,,40405,India v Australia U19 1-day 2026 - Men,1,229,India U19 Men,225,Australia U19 Men,8829023,2026-09-21T04:22:45Z,4,76.0,False,22147,Thomas Vaseo,22153,VK Vineeth,22132,Aaryavir Sehwag,0,0,0,0,0,Null,NotReferred,Null,False,False,False,False,False,True,False,False,True,False,False,False,0,0,0,0,0,False,False,,,,,,,,,,
1650556,12,5.5,5,0,0,66,1,5,76594,,40405,India v Australia U19 1-day 2026 - Men,1,229,India U19 Men,225,Australia U19 Men,8829024,2026-09-21T04:23:15Z,6,5.0,False,22147,Thomas Vaseo,22153,VK Vineeth,22132,Aaryavir Sehwag,0,0,0,0,0,Null,NotReferred,Null,False,False,False,False,False,True,False,False,True,False,False,False,0,0,0,0,0,False,False,,,,,,,,,,
1650556,12,5.5,5,0,0,66,1,5,76594,,40405,India v Australia U19 1-day 2026 - Men,1,229,India U19 Men,225,Australia U19 Men,8829025,2026-09-21T04:24:00Z,6,78.0,False,22147,Thomas Vaseo,22153,VK Vineeth,22132,Aaryavir Sehwag,1,0,1,1,0,Null,NotReferred,Null,False,False,False,False,False,True,False,False,True,False,False,False,1,0,0,0,0,False,False,,,,,,,,,,
1650557,13,5.46,5,0,0,71,1,5,76594,,40405,India v Australia U19 1-day 2026 - Men,1,229,India U19 Men,225,Australia U19 Men,8829026,2026-09-21T04:25:01Z,1,79.0,False,22157,Jacob Pietz,22153,VK Vineeth,22132,Aaryavir Sehwag,0,0,0,0,0,Null,NotReferred,Null,False,False,False,False,False,True,False,False,True,False,False,False,0,0,0,0,0,False,False,,,,,,,,,,
1650557,13,5.46,5,0,0,71,1,5,76594,,40405,India v Australia U19 1-day 2026 - Men,1,229,India U19 Men,225,Australia U19 Men,8829027,2026-09-21T04:25:16Z,2,80.0,False,22157,Jacob Pietz,22153,VK Vineeth,22132,Aaryavir Sehwag,0,0,0,0,0,Null,NotReferred,Null,False,False,False,False,False,True,False,False,True,False,False,False,0,0,0,0,0,False,False,,,,,,,,,,
1650557,13,5.46,5,0,0,71,1,5,76594,,40405,India v Australia U19 1-day 2026 - Men,1,229,India U19 Men,225,Australia U19 Men,8829028,2026-09-21T04:25:48Z,3,81.0,False,22157,Jacob Pietz,22153,VK Vineeth,22132,Aaryavir Sehwag,0,0,0,0,0,Null,NotReferred,Null,False,False,False,False,False,True,False,False,True,False,False,False,0,0,0,0,0,False,False,,,,,,,,,,
1650557,13,5.46,5,0,0,71,1,5,76594,,40405,India v Australia U19 1-day 2026 - Men,1,229,India U19 Men,225,Australia U19 Men,8829029,2026-09-21T04:26:02Z,4,82.0,False,22157,Jacob Pietz,22153,VK Vineeth,22132,Aaryavir Sehwag,1,0,1,1,0,Null,NotReferred,Null,False,False,False,False,False,True,False,False,True,False,False,False,1,0,0,0,0,False,False,,,,,,,,,,
1650557,13,5.46,5,0,0,71,1,5,76594,,40405,India v Australia U19 1-day 2026 - Men,1,229,India U19 Men,225,Australia U19 Men,8829030,2026-09-21T04:27:02Z,5,83.0,False,22157,Jacob Pietz,22132,Aaryavir Sehwag,22153,VK Vineeth,0,0,0,0,0,Null,NotReferred,Null,False,False,False,False,False,True,False,False,True,False,False,False,0,0,0,0,0,False,False,,,,,,,,,,
1650557,13,5.46,5,0,0,71,1,5,76594,,40405,India v Australia U19 1-day 2026 - Men,1,229,India U19 Men,225,Australia U19 Men,8829031,2026-09-21T04:27:34Z,6,84.0,False,22157,Jacob Pietz,22132,Aaryavir Sehwag,22153,VK Vineeth,4,0,4,4,0,Null,NotReferred,Null,False,False,False,False,False,True,False,False,True,False,False,False,4,0,0,0,0,True,False,,,,,,,,,,
1650558,14,5.21,2,0,0,73,1,2,76594,,40405,India v Australia U19 1-day 2026 - Men,1,229,India U19 Men,225,Australia U19 Men,8829032,2026-09-21T04:28:49Z,1,85.0,False,22155,Matthew Lough,22153,VK Vineeth,22132,Aaryavir Sehwag,1,0,1,1,0,Null,NotReferred,Null,False,False,False,False,False,True,False,False,True,False,False,False,1,0,0,0,0,False,False,,,,,,,,,,
1650558,14,5.21,2,0,0,73,1,2,76594,,40405,India v Australia U19 1-day 2026 - Men,1,229,India U19 Men,225,Australia U19 Men,8829033,2026-09-21T04:29:19Z,2,86.0,False,22155,Matthew Lough,22132,Aaryavir Sehwag,22153,VK Vineeth,0,0,0,0,0,Null,NotReferred,Null,False,False,False,False,False,True,False,False,True,False,False,False,0,0,0,0,0,False,False,,,,,,,,,,
1650558,14,5.21,2,0,0,73,1,2,76594,,40405,India v Australia U19 1-day 2026 - Men,1,229,India U19 Men,225,Australia U19 Men,8829034,2026-09-21T04:29:34Z,3,87.0,False,22155,Matthew Lough,22132,Aaryavir Sehwag,22153,VK Vineeth,0,0,0,0,0,Null,NotReferred,Null,False,False,False,False,False,True,False,False,True,False,False,False,0,0,0,0,0,False,False,,,,,,,,,,
1650558,14,5.21,2,0,0,73,1,2,76594,,40405,India v Australia U19 1-day 2026 - Men,1,229,India U19 Men,225,Australia U19 Men,8829035,2026-09-21T04:29:49Z,4,88.0,False,22155,Matthew Lough,22132,Aaryavir Sehwag,22153,VK Vineeth,0,0,0,0,0,Null,NotReferred,Null,False,False,False,False,False,True,False,False,True,False,False,False,0,0,0,0,0,False,False,,,,,,,,,,
1650558,14,5.21,2,0,0,73,1,2,76594,,40405,India v Australia U19 1-day 2026 - Men,1,229,India U19 Men,225,Australia U19 Men,8829036,2026-09-21T04:30:19Z,5,89.0,False,22155,Matthew Lough,22132,Aaryavir Sehwag,22153,VK Vineeth,1,0,1,1,0,Null,NotReferred,Null,False,False,False,False,False,True,False,False,True,False,False,False,1,0,0,0,0,False,False,,,,,,,,,,
1650558,14,5.21,2,0,0,73,1,2,76594,,40405,India v Australia U19 1-day 2026 - Men,1,229,India U19 Men,225,Australia U19 Men,8829037,2026-09-21T04:30:34Z,6,90.0,False,22155,Matthew Lough,22153,VK Vineeth,22132,Aaryavir Sehwag,0,0,0,0,0,Null,NotReferred,Null,False,False,False,False,False,True,False,False,True,False,False,False,0,0,0,0,0,False,False,,,,,,,,,,
1650559,15,5.4,8,0,0,81,1,8,76594,,40405,India v Australia U19 1-day 2026 - Men,1,229,India U19 Men,225,Australia U19 Men,8829038,2026-09-21T04:31:51Z,1,91.0,False,22157,Jacob Pietz,22132,Aaryavir Sehwag,22153,VK Vineeth,1,0,1,1,0,Null,NotReferred,Null,False,False,False,False,False,True,False,False,True,False,False,False,1,0,0,0,0,False,False,,,,,,,,,,
1650559,15,5.4,8,0,0,81,1,8,76594,,40405,India v Australia U19 1-day 2026 - Men,1,229,India U19 Men,225,Australia U19 Men,8829039,2026-09-21T04:32:20Z,2,92.0,False,22157,Jacob Pietz,22153,VK Vineeth,22132,Aaryavir Sehwag,2,0,2,2,0,Null,NotReferred,Null,False,False,False,False,False,True,False,False,True,False,False,False,2,0,0,0,0,False,False,,,,,,,,,,
1650559,15,5.4,8,0,0,81,1,8,76594,,40405,India v Australia U19 1-day 2026 - Men,1,229,India U19 Men,225,Australia U19 Men,8829040,2026-09-21T04:32:36Z,3,93.0,False,22157,Jacob Pietz,22153,VK Vineeth,22132,Aaryavir Sehwag,0,0,0,0,0,Null,NotReferred,Null,False,False,False,False,False,True,False,False,True,False,False,False,0,0,0,0,0,False,False,,,,,,,,,,
1650559,15,5.4,8,0,0,81,1,8,76594,,40405,India v Australia U19 1-day 2026 - Men,1,229,India U19 Men,225,Australia U19 Men,8829041,2026-09-21T04:33:07Z,4,94.0,False,22157,Jacob Pietz,22153,VK Vineeth,22132,Aaryavir Sehwag,4,0,4,4,0,Null,NotReferred,Null,False,False,False,False,False,True,False,False,True,False,False,False,4,0,0,0,0,True,False,,,,,,,,,,
1650559,15,5.4,8,0,0,81,1,8,76594,,40405,India v Australia U19 1-day 2026 - Men,1,229,India U19 Men,225,Australia U19 Men,8829042,2026-09-21T04:33:36Z,5,95.0,False,22157,Jacob Pietz,22153,VK Vineeth,22132,Aaryavir Sehwag,1,0,1,1,0,Null,NotReferred,Null,False,False,False,False,False,True,False,False,True,False,False,False,1,0,0,0,0,False,False,,,,,,,,,,
1650559,15,5.4,8,0,0,81,1,8,76594,,40405,India v Australia U19 1-day 2026 - Men,1,229,India U19 Men,225,Australia U19 Men,8829043,2026-09-21T04:34:06Z,6,96.0,False,22157,Jacob Pietz,22132,Aaryavir Sehwag,22153,VK Vineeth,0,0,0,0,0,Null,NotReferred,Null,False,False,False,False,False,True,False,False,True,False,False,False,0,0,0,0,0,False,False,,,,,,,,,,
1650560,16,5.19,2,0,0,83,1,2,76594,,40405,India v Australia U19 1-day 2026 - Men,1,229,India U19 Men,225,Australia U19 Men,8829044,2026-09-21T04:35:53Z,1,97.0,False,22159,Theo Tsingos,22153,VK Vineeth,22132,Aaryavir Sehwag,1,0,1,1,0,Null,NotReferred,Null,False,False,False,False,False,True,False,False,True,False,False,False,1,0,0,0,0,False,False,,,,,,,,,,
1650560,16,5.19,2,0,0,83,1,2,76594,,40405,India v Australia U19 1-day 2026 - Men,1,229,India U19 Men,225,Australia U19 Men,8829045,2026-09-21T04:36:38Z,2,98.0,False,22159,Theo Tsingos,22132,Aaryavir Sehwag,22153,VK Vineeth,0,0,0,0,0,Null,NotReferred,Null,False,False,False,False,False,True,False,False,True,False,False,False,0,0,0,0,0,False,False,,,,,,,,,,
1650560,16,5.19,2,0,0,83,1,2,76594,,40405,India v Australia U19 1-day 2026 - Men,1,229,India U19 Men,225,Australia U19 Men,8829046,2026-09-21T04:37:07Z,3,99.0,False,22159,Theo Tsingos,22132,Aaryavir Sehwag,22153,VK Vineeth,0,0,0,0,0,Null,NotReferred,Null,False,False,False,False,False,True,False,False,True,False,False,False,0,0,0,0,0,False,False,,,,,,,,,,
1650560,16,5.19,2,0,0,83,1,2,76594,,40405,India v Australia U19 1-day 2026 - Men,1,229,India U19 Men,225,Australia U19 Men,8829047,2026-09-21T04:37:54Z,4,100.0,False,22159,Theo Tsingos,22132,Aaryavir Sehwag,22153,VK Vineeth,1,0,1,1,0,Null,NotReferred,Null,False,False,False,False,False,True,False,False,True,False,False,False,1,0,0,0,0,False,False,,,,,,,,,,
1650560,16,5.19,2,0,0,83,1,2,76594,,40405,India v Australia U19 1-day 2026 - Men,1,229,India U19 Men,225,Australia U19 Men,8829048,2026-09-21T04:38:25Z,5,101.0,False,22159,Theo Tsingos,22153,VK Vineeth,22132,Aaryavir Sehwag,0,0,0,0,0,Null,NotReferred,Null,False,False,False,False,False,True,False,False,True,False,False,False,0,0,0,0,0,False,False,,,,,,,,,,
1650560,16,5.19,2,0,0,83,1,2,76594,,40405,India v Australia U19 1-day 2026 - Men,1,229,India U19 Men,225,Australia U19 Men,8829049,2026-09-21T04:39:08Z,6,6.0,False,22159,Theo Tsingos,22153,VK Vineeth,22132,Aaryavir Sehwag,0,0,0,0,0,Null,NotReferred,Null,False,False,False,False,False,True,False,False,True,False,False,False,0,0,0,0,0,False,False,,,,,,,,,,
1650561,17,5.71,14,0,0,97,1,14,76594,,40405,India v Australia U19 1-day 2026 - Men,1,229,India U19 Men,225,Australia U19 Men,8829050,2026-09-21T04:40:05Z,1,103.0,False,22157,Jacob Pietz,22132,Aaryavir Sehwag,22153,VK Vineeth,1,0,1,1,0,Null,NotReferred,Null,False,False,False,False,False,True,False,False,True,False,False,False,1,0,0,0,0,False,False,,,,,,,,,,
1650561,17,5.71,14,0,0,97,1,14,76594,,40405,India v Australia U19 1-day 2026 - Men,1,229,India U19 Men,225,Australia U19 Men,8829051,2026-09-21T04:40:57Z,2,104.0,False,22157,Jacob Pietz,22153,VK Vineeth,22132,Aaryavir Sehwag,1,0,1,1,0,Null,NotReferred,Null,False,False,False,False,False,True,False,False,True,False,False,False,1,0,0,0,0,False,False,,,,,,,,,,
1650561,17,5.71,14,0,0,97,1,14,76594,,40405,India v Australia U19 1-day 2026 - Men,1,229,India U19 Men,225,Australia U19 Men,8829052,2026-09-21T04:41:08Z,3,105.0,False,22157,Jacob Pietz,22132,Aaryavir Sehwag,22153,VK Vineeth,1,0,1,1,0,Null,NotReferred,Null,False,False,False,False,False,True,False,False,True,False,False,False,1,0,0,0,0,False,False,,,,,,,,,,
1650561,17,5.71,14,0,0,97,1,14,76594,,40405,India v Australia U19 1-day 2026 - Men,1,229,India U19 Men,225,Australia U19 Men,8829053,2026-09-21T04:41:57Z,4,106.0,False,22157,Jacob Pietz,22153,VK Vineeth,22132,Aaryavir Sehwag,6,0,6,6,0,Null,NotReferred,Null,False,False,False,False,False,True,False,False,True,False,False,False,6,0,0,0,0,True,False,,,,,,,,,,
1650561,17,5.71,14,0,0,97,1,14,76594,,40405,India v Australia U19 1-day 2026 - Men,1,229,India U19 Men,225,Australia U19 Men,8829054,2026-09-21T04:42:43Z,5,107.0,False,22157,Jacob Pietz,22153,VK Vineeth,22132,Aaryavir Sehwag,4,0,4,4,0,Null,NotReferred,Null,False,False,False,False,False,True,False,False,True,False,False,False,4,0,0,0,0,True,False,,,,,,,,,,
1650561,17,5.71,14,0,0,97,1,14,76594,,40405,India v Australia U19 1-day 2026 - Men,1,229,India U19 Men,225,Australia U19 Men,8829055,2026-09-21T04:43:28Z,6,108.0,False,22157,Jacob Pietz,22153,VK Vineeth,22132,Aaryavir Sehwag,1,0,1,1,0,Null,NotReferred,Null,False,False,False,False,False,True,False,False,True,False,False,False,1,0,0,0,0,False,False,,,,,,,,,,
1650562,18,5.5,2,0,0,99,1,2,76594,,40405,India v Australia U19 1-day 2026 - Men,1,229,India U19 Men,225,Australia U19 Men,8829056,2026-09-21T04:48:31Z,1,109.0,False,22159,Theo Tsingos,22153,VK Vineeth,22132,Aaryavir Sehwag,0,0,0,0,0,Null,NotReferred,Null,False,False,False,False,False,True,False,False,True,False,False,False,0,0,0,0,0,False,False,,,,,,,,,,
1650562,18,5.5,2,0,0,99,1,2,76594,,40405,India v Australia U19 1-day 2026 - Men,1,229,India U19 Men,225,Australia U19 Men,8829057,2026-09-21T04:49:09Z,2,110.0,False,22159,Theo Tsingos,22153,VK Vineeth,22132,Aaryavir Sehwag,1,0,1,1,0,Null,NotReferred,Null,False,False,False,False,False,True,False,False,True,False,False,False,1,0,0,0,0,False,False,,,,,,,,,,
1650562,18,5.5,2,0,0,99,1,2,76594,,40405,India v Australia U19 1-day 2026 - Men,1,229,India U19 Men,225,Australia U19 Men,8829058,2026-09-21T04:49:47Z,3,111.0,False,22159,Theo Tsingos,22132,Aaryavir Sehwag,22153,VK Vineeth,0,0,0,0,0,Null,NotReferred,Null,False,False,False,False,False,True,False,False,True,False,False,False,0,0,0,0,0,False,False,,,,,,,,,,
1650562,18,5.5,2,0,0,99,1,2,76594,,40405,India v Australia U19 1-day 2026 - Men,1,229,India U19 Men,225,Australia U19 Men,8829059,2026-09-21T04:51:02Z,4,112.0,False,22159,Theo Tsingos,22132,Aaryavir Sehwag,22153,VK Vineeth,1,0,1,1,0,Null,NotReferred,Null,False,False,False,False,False,True,False,False,True,False,False,False,1,0,0,0,0,False,False,,,,,,,,,,
1650562,18,5.5,2,0,0,99,1,2,76594,,40405,India v Australia U19 1-day 2026 - Men,1,229,India U19 Men,225,Australia U19 Men,8829060,2026-09-21T04:51:05Z,5,113.0,False,22159,Theo Tsingos,22153,VK Vineeth,22132,Aaryavir Sehwag,0,0,0,0,0,Null,NotReferred,Null,False,False,False,False,False,True,False,False,True,False,False,False,0,0,0,0,0,False,False,,,,,,,,,,
1650562,18,5.5,2,0,0,99,1,2,76594,,40405,India v Australia U19 1-day 2026 - Men,1,229,India U19 Men,225,Australia U19 Men,8829061,2026-09-21T04:51:33Z,6,114.0,False,22159,Theo Tsingos,22153,VK Vineeth,22132,Aaryavir Sehwag,0,0,0,0,0,Null,NotReferred,Null,False,False,False,False,False,True,False,False,True,False,False,False,0,0,0,0,0,False,False,,,,,,,,,,
1650563,19,5.32,2,1,0,101,2,2,76594,,40405,India v Australia U19 1-day 2026 - Men,1,229,India U19 Men,225,Australia U19 Men,8829062,2026-09-21T04:53:11Z,1,115.0,False,22156,Connor Gregory,22132,Aaryavir Sehwag,22153,VK Vineeth,1,0,1,1,0,Null,NotReferred,Null,False,False,False,False,False,True,False,False,True,False,False,False,1,0,0,0,0,False,False,,,,,,,,,,
1650563,19,5.32,2,1,0,101,2,2,76594,,40405,India v Australia U19 1-day 2026 - Men,1,229,India U19 Men,225,Australia U19 Men,8829063,2026-09-21T04:53:33Z,2,116.0,False,22156,Connor Gregory,22153,VK Vineeth,22132,Aaryavir Sehwag,1,0,1,1,0,Null,NotReferred,Null,False,False,False,False,False,True,False,False,True,False,False,False,1,0,0,0,0,False,False,,,,,,,,,,
1650563,19,5.32,2,1,0,101,2,2,76594,,40405,India v Australia U19 1-day 2026 - Men,1,229,India U19 Men,225,Australia U19 Men,8829064,2026-09-21T04:54:04Z,3,117.0,False,22156,Connor Gregory,22132,Aaryavir Sehwag,22153,VK Vineeth,0,0,0,0,0,Null,NotReferred,Null,False,False,False,False,False,True,False,False,True,False,False,False,0,0,0,0,0,False,False,,,,,,,,,,
1650563,19,5.32,2,1,0,101,2,2,76594,,40405,India v Australia U19 1-day 2026 - Men,1,229,India U19 Men,225,Australia U19 Men,8829065,2026-09-21T04:54:19Z,4,118.0,False,22156,Connor Gregory,22132,Aaryavir Sehwag,22153,VK Vineeth,0,0,0,0,0,Null,NotReferred,Null,False,False,False,False,False,True,False,False,True,False,False,False,0,0,0,0,0,False,False,,,,,,,,,,
1650563,19,5.32,2,1,0,101,2,2,76594,,40405,India v Australia U19 1-day 2026 - Men,1,229,India U19 Men,225,Australia U19 Men,8829066,2026-09-21T04:57:12Z,5,119.0,True,22156,Connor Gregory,22132,Aaryavir Sehwag,22153,VK Vineeth,0,0,0,0,0,Null,NotReferred,Null,False,False,False,False,False,True,False,False,True,False,False,False,0,0,0,0,0,False,False,RunOut,22132.0,Aaryavir Sehwag,Run out,RunOut,,,,,
1650563,19,5.32,2,1,0,101,2,2,76594,,40405,India v Australia U19 1-day 2026 - Men,1,229,India U19 Men,225,Australia U19 Men,8829067,2026-09-21T04:57:51Z,6,120.0,False,22156,Connor Gregory,22134,Yashbardhan Chauhan,22153,VK Vineeth,0,0,0,0,0,Null,NotReferred,Null,False,False,False,False,False,True,False,False,True,False,False,False,0,0,0,0,0,False,False,,,,,,,,,,
1650564,20,5.15,2,0,0,103,2,2,76594,,40405,India v Australia U19 1-day 2026 - Men,1,229,India U19 Men,225,Australia U19 Men,8829068,2026-09-21T04:58:37Z,1,121.0,False,22159,Theo Tsingos,22153,VK Vineeth,22134,Yashbardhan Chauhan,0,0,0,0,0,Null,NotReferred,Null,False,False,False,False,False,True,False,False,True,False,False,False,0,0,0,0,0,False,False,,,,,,,,,,
1650564,20,5.15,2,0,0,103,2,2,76594,,40405,India v Australia U19 1-day 2026 - Men,1,229,India U19 Men,225,Australia U19 Men,8829069,2026-09-21T04:59:06Z,2,122.0,False,22159,Theo Tsingos,22153,VK Vineeth,22134,Yashbardhan Chauhan,0,0,0,0,0,Null,NotReferred,Null,False,False,False,False,False,True,False,False,True,False,False,False,0,0,0,0,0,False,False,,,,,,,,,,
1650564,20,5.15,2,0,0,103,2,2,76594,,40405,India v Australia U19 1-day 2026 - Men,1,229,India U19 Men,225,Australia U19 Men,8829070,2026-09-21T04:59:54Z,3,123.0,False,22159,Theo Tsingos,22153,VK Vineeth,22134,Yashbardhan Chauhan,1,0,1,1,0,Null,NotReferred,Null,False,False,False,False,False,True,False,False,True,False,False,False,1,0,0,0,0,False,False,,,,,,,,,,
1650564,20,5.15,2,0,0,103,2,2,76594,,40405,India v Australia U19 1-day 2026 - Men,1,229,India U19 Men,225,Australia U19 Men,8829071,2026-09-21T05:00:54Z,4,124.0,False,22159,Theo Tsingos,22134,Yashbardhan Chauhan,22153,VK Vineeth,0,0,0,0,0,Null,NotReferred,Null,False,False,False,False,False,True,False,False,True,False,False,False,0,0,0,0,0,False,False,,,,,,,,,,
1650564,20,5.15,2,0,0,103,2,2,76594,,40405,India v Australia U19 1-day 2026 - Men,1,229,India U19 Men,225,Australia U19 Men,8829072,2026-09-21T05:01:19Z,5,125.0,False,22159,Theo Tsingos,22134,Yashbardhan Chauhan,22153,VK Vineeth,0,0,0,0,0,Null,NotReferred,Null,False,False,False,False,False,True,False,False,True,False,False,False,0,0,0,0,0,False,False,,,,,,,,,,
1650564,20,5.15,2,0,0,103,2,2,76594,,40405,India v Australia U19 1-day 2026 - Men,1,229,India U19 Men,225,Australia U19 Men,8829073,2026-09-21T05:02:09Z,6,126.0,False,22159,Theo Tsingos,22134,Yashbardhan Chauhan,22153,VK Vineeth,1,0,1,1,0,Null,NotReferred,Null,False,False,False,False,False,True,False,False,True,False,False,False,1,0,0,0,0,False,False,,,,,,,,,,
1650565,21,4.95,1,0,0,104,2,1,76594,,40405,India v Australia U19 1-day 2026 - Men,1,229,India U19 Men,225,Australia U19 Men,8829074,2026-09-21T05:03:26Z,1,127.0,False,22156,Connor Gregory,22134,Yashbardhan Chauhan,22153,VK Vineeth,0,0,0,0,0,Null,NotReferred,Null,False,False,False,False,False,True,False,False,True,False,False,False,0,0,0,0,0,False,False,,,,,,,,,,
1650565,21,4.95,1,0,0,104,2,1,76594,,40405,India v Australia U19 1-day 2026 - Men,1,229,India U19 Men,225,Australia U19 Men,8829075,2026-09-21T05:03:40Z,2,128.0,False,22156,Connor Gregory,22134,Yashbardhan Chauhan,22153,VK Vineeth,0,0,0,0,0,Null,NotReferred,Null,False,False,False,False,False,True,False,False,True,False,False,False,0,0,0,0,0,False,False,,,,,,,,,,
1650565,21,4.95,1,0,0,104,2,1,76594,,40405,India v Australia U19 1-day 2026 - Men,1,229,India U19 Men,225,Australia U19 Men,8829076,2026-09-21T05:04:10Z,3,129.0,False,22156,Connor Gregory,22134,Yashbardhan Chauhan,22153,VK Vineeth,0,0,0,0,0,Null,NotReferred,Null,False,False,False,False,False,True,False,False,True,False,False,False,0,0,0,0,0,False,False,,,,,,,,,,
1650565,21,4.95,1,0,0,104,2,1,76594,,40405,India v Australia U19 1-day 2026 - Men,1,229,India U19 Men,225,Australia U19 Men,8829077,2026-09-21T05:04:40Z,4,130.0,False,22156,Connor Gregory,22134,Yashbardhan Chauhan,22153,VK Vineeth,0,0,0,0,0,Null,NotReferred,Null,False,False,False,False,False,True,False,False,True,False,False,False,0,0,0,0,0,False,False,,,,,,,,,,
1650565,21,4.95,1,0,0,104,2,1,76594,,40405,India v Australia U19 1-day 2026 - Men,1,229,India U19 Men,225,Australia U19 Men,8829078,2026-09-21T05:05:11Z,5,131.0,False,22156,Connor Gregory,22134,Yashbardhan Chauhan,22153,VK Vineeth,1,0,1,1,0,Null,NotReferred,Null,False,False,False,False,False,True,False,False,True,False,False,False,1,0,0,0,0,False,False,,,,,,,,,,
1650565,21,4.95,1,0,0,104,2,1,76594,,40405,India v Australia U19 1-day 2026 - Men,1,229,India U19 Men,225,Australia U19 Men,8829079,2026-09-21T05:05:41Z,6,132.0,False,22156,Connor Gregory,22153,VK Vineeth,22134,Yashbardhan Chauhan,0,0,0,0,0,Null,NotReferred,Null,False,False,False,False,False,True,False,False,True,False,False,False,0,0,0,0,0,False,False,,,,,,,,,,
1650566,22,4.91,4,0,0,108,2,4,76594,,40405,India v Australia U19 1-day 2026 - Men,1,229,India U19 Men,225,Australia U19 Men,8829080,2026-09-21T05:07:27Z,1,133.0,False,22155,Matthew Lough,22134,Yashbardhan Chauhan,22153,VK Vineeth,1,0,1,1,0,Null,NotReferred,Null,False,False,False,False,False,True,False,False,True,False,False,False,1,0,0,0,0,False,False,,,,,,,,,,
1650566,22,4.91,4,0,0,108,2,4,76594,,40405,India v Australia U19 1-day 2026 - Men,1,229,India U19 Men,225,Australia U19 Men,8829081,2026-09-21T05:07:58Z,2,134.0,False,22155,Matthew Lough,22153,VK Vineeth,22134,Yashbardhan Chauhan,1,0,1,1,0,Null,NotReferred,Null,False,False,False,False,False,True,False,False,True,False,False,False,1,0,0,0,0,False,False,,,,,,,,,,
1650566,22,4.91,4,0,0,108,2,4,76594,,40405,India v Australia U19 1-day 2026 - Men,1,229,India U19 Men,225,Australia U19 Men,8829082,2026-09-21T05:08:12Z,3,135.0,False,22155,Matthew Lough,22134,Yashbardhan Chauhan,22153,VK Vineeth,0,0,0,0,0,Null,NotReferred,Null,False,False,False,False,False,True,False,False,True,False,False,False,0,0,0,0,0,False,False,,,,,,,,,,
1650566,22,4.91,4,0,0,108,2,4,76594,,40405,India v Australia U19 1-day 2026 - Men,1,229,India U19 Men,225,Australia U19 Men,8829083,2026-09-21T05:08:28Z,4,136.0,False,22155,Matthew Lough,22134,Yashbardhan Chauhan,22153,VK Vineeth,0,0,0,0,0,Null,NotReferred,Null,False,False,False,False,False,True,False,False,True,False,False,False,0,0,0,0,0,False,False,,,,,,,,,,
1650566,22,4.91,4,0,0,108,2,4,76594,,40405,India v Australia U19 1-day 2026 - Men,1,229,India U19 Men,225,Australia U19 Men,8829084,2026-09-21T05:08:59Z,5,137.0,False,22155,Matthew Lough,22134,Yashbardhan Chauhan,22153,VK Vineeth,2,0,2,2,0,Null,NotReferred,Null,False,False,False,False,False,True,False,False,True,False,False,False,2,0,0,0,0,False,False,,,,,,,,,,
1650566,22,4.91,4,0,0,108,2,4,76594,,40405,India v Australia U19 1-day 2026 - Men,1,229,India U19 Men,225,Australia U19 Men,8829085,2026-09-21T05:09:28Z,6,138.0,False,22155,Matthew Lough,22134,Yashbardhan Chauhan,22153,VK Vineeth,0,0,0,0,0,Null,NotReferred,Null,False,False,False,False,False,True,False,False,True,False,False,False,0,0,0,0,0,False,False,,,,,,,,,,
1650567,23,5.04,8,0,0,116,2,8,76594,,40405,India v Australia U19 1-day 2026 - Men,1,229,India U19 Men,225,Australia U19 Men,8829086,2026-09-21T05:10:29Z,1,139.0,False,22156,Connor Gregory,22153,VK Vineeth,22134,Yashbardhan Chauhan,1,0,1,1,0,Null,NotReferred,Null,False,False,False,False,False,True,False,False,True,False,False,False,1,0,0,0,0,False,False,,,,,,,,,,
1650567,23,5.04,8,0,0,116,2,8,76594,,40405,India v Australia U19 1-day 2026 - Men,1,229,India U19 Men,225,Australia U19 Men,8829087,2026-09-21T05:10:45Z,2,140.0,False,22156,Connor Gregory,22134,Yashbardhan Chauhan,22153,VK Vineeth,1,0,1,1,0,Null,NotReferred,Null,False,False,False,False,False,True,False,False,True,False,False,False,1,0,0,0,0,False,False,,,,,,,,,,
1650567,23,5.04,8,0,0,116,2,8,76594,,40405,India v Australia U19 1-day 2026 - Men,1,229,India U19 Men,225,Australia U19 Men,8829088,2026-09-21T05:11:14Z,3,141.0,False,22156,Connor Gregory,22153,VK Vineeth,22134,Yashbardhan Chauhan,0,0,0,0,0,Null,NotReferred,Null,False,False,False,False,False,True,False,False,True,False,False,False,0,0,0,0,0,False,False,,,,,,,,,,
1650567,23,5.04,8,0,0,116,2,8,76594,,40405,India v Australia U19 1-day 2026 - Men,1,229,India U19 Men,225,Australia U19 Men,8829089,2026-09-21T05:11:45Z,4,142.0,False,22156,Connor Gregory,22153,VK Vineeth,22134,Yashbardhan Chauhan,6,0,6,6,0,Null,NotReferred,Null,False,False,False,False,False,True,False,False,True,False,False,False,6,0,0,0,0,True,False,,,,,,,,,,
1650567,23,5.04,8,0,0,116,2,8,76594,,40405,India v Australia U19 1-day 2026 - Men,1,229,India U19 Men,225,Australia U19 Men,8829090,2026-09-21T05:12:15Z,5,143.0,False,22156,Connor Gregory,22153,VK Vineeth,22134,Yashbardhan Chauhan,0,0,0,0,0,Null,NotReferred,Null,False,False,False,False,False,True,False,False,True,False,False,False,0,0,0,0,0,False,False,,,,,,,,,,
1650567,23,5.04,8,0,0,116,2,8,76594,,40405,India v Australia U19 1-day 2026 - Men,1,229,India U19 Men,225,Australia U19 Men,8829091,2026-09-21T05:12:28Z,6,144.0,False,22156,Connor Gregory,22153,VK Vineeth,22134,Yashbardhan Chauhan,0,0,0,0,0,Null,NotReferred,Null,False,False,False,False,False,True,False,False,True,False,False,False,0,0,0,0,0,False,False,,,,,,,,,,
1650568,24,5.21,9,0,0,125,2,9,76594,,40405,India v Australia U19 1-day 2026 - Men,1,229,India U19 Men,225,Australia U19 Men,8829092,2026-09-21T05:13:31Z,1,145.0,False,22155,Matthew Lough,22134,Yashbardhan Chauhan,22153,VK Vineeth,2,0,2,2,0,Null,NotReferred,Null,False,False,False,False,False,True,False,False,True,False,False,False,2,0,0,0,0,False,False,,,,,,,,,,
1650568,24,5.21,9,0,0,125,2,9,76594,,40405,India v Australia U19 1-day 2026 - Men,1,229,India U19 Men,225,Australia U19 Men,8829093,2026-09-21T05:14:02Z,2,146.0,False,22155,Matthew Lough,22134,Yashbardhan Chauhan,22153,VK Vineeth,0,0,0,0,0,Null,NotReferred,Null,False,False,False,False,False,True,False,False,True,False,False,False,0,0,0,0,0,False,False,,,,,,,,,,
1650568,24,5.21,9,0,0,125,2,9,76594,,40405,India v Australia U19 1-day 2026 - Men,1,229,India U19 Men,225,Australia U19 Men,8829094,2026-09-21T05:14:11Z,3,147.0,False,22155,Matthew Lough,22134,Yashbardhan Chauhan,22153,VK Vineeth,1,0,1,1,0,Null,NotReferred,Null,False,False,False,False,False,True,False,False,True,False,False,False,1,0,0,0,0,False,False,,,,,,,,,,
1650568,24,5.21,9,0,0,125,2,9,76594,,40405,India v Australia U19 1-day 2026 - Men,1,229,India U19 Men,225,Australia U19 Men,8829095,2026-09-21T05:14:47Z,4,148.0,False,22155,Matthew Lough,22153,VK Vineeth,22134,Yashbardhan Chauhan,1,0,1,1,0,Null,NotReferred,Null,False,False,False,False,False,True,False,False,True,False,False,False,1,0,0,0,0,False,False,,,,,,,,,,
1650568,24,5.21,9,0,0,125,2,9,76594,,40405,India v Australia U19 1-day 2026 - Men,1,229,India U19 Men,225,Australia U19 Men,8829096,2026-09-21T05:15:11Z,5,149.0,False,22155,Matthew Lough,22134,Yashbardhan Chauhan,22153,VK Vineeth,4,0,4,4,0,Null,NotReferred,Null,False,False,False,False,False,True,False,False,True,False,False,False,4,0,0,0,0,True,False,,,,,,,,,,
1650568,24,5.21,9,0,0,125,2,9,76594,,40405,India v Australia U19 1-day 2026 - Men,1,229,India U19 Men,225,Australia U19 Men,8829097,2026-09-21T05:15:43Z,6,150.0,False,22155,Matthew Lough,22134,Yashbardhan Chauhan,22153,VK Vineeth,1,0,1,1,0,Null,NotReferred,Null,False,False,False,False,False,True,False,False,True,False,False,False,1,0,0,0,0,False,False,,,,,,,,,,
1650569,25,5.36,9,0,0,134,2,9,76594,,40405,India v Australia U19 1-day 2026 - Men,1,229,India U19 Men,225,Australia U19 Men,8829098,2026-09-21T05:16:48Z,1,151.0,False,22156,Connor Gregory,22134,Yashbardhan Chauhan,22153,VK Vineeth,0,0,0,0,0,Null,NotReferred,Null,False,False,False,False,False,True,False,False,True,False,False,False,0,0,0,0,0,False,False,,,,,,,,,,
1650569,25,5.36,9,0,0,134,2,9,76594,,40405,India v Australia U19 1-day 2026 - Men,1,229,India U19 Men,225,Australia U19 Men,8829099,2026-09-21T05:17:33Z,2,152.0,False,22156,Connor Gregory,22134,Yashbardhan Chauhan,22153,VK Vineeth,6,0,6,6,0,Null,NotReferred,Null,False,False,False,False,False,True,False,False,True,False,False,False,6,0,0,0,0,True,False,,,,,,,,,,
1650569,25,5.36,9,0,0,134,2,9,76594,,40405,India v Australia U19 1-day 2026 - Men,1,229,India U19 Men,225,Australia U19 Men,8829100,2026-09-21T05:18:05Z,3,153.0,False,22156,Connor Gregory,22134,Yashbardhan Chauhan,22153,VK Vineeth,1,0,1,1,0,Null,NotReferred,Null,False,False,False,False,False,True,False,False,True,False,False,False,1,0,0,0,0,False,False,,,,,,,,,,
1650569,25,5.36,9,0,0,134,2,9,76594,,40405,India v Australia U19 1-day 2026 - Men,1,229,India U19 Men,225,Australia U19 Men,8829101,2026-09-21T05:18:19Z,4,154.0,False,22156,Connor Gregory,22153,VK Vineeth,22134,Yashbardhan Chauhan,1,0,1,1,0,Null,NotReferred,Null,False,False,False,False,False,True,False,False,True,False,False,False,1,0,0,0,0,False,False,,,,,,,,,,
1650569,25,5.36,9,0,0,134,2,9,76594,,40405,India v Australia U19 1-day 2026 - Men,1,229,India U19 Men,225,Australia U19 Men,8829102,2026-09-21T05:18:49Z,5,155.0,False,22156,Connor Gregory,22134,Yashbardhan Chauhan,22153,VK Vineeth,1,0,1,1,0,Null,NotReferred,Null,False,False,False,False,False,True,False,False,True,False,False,False,1,0,0,0,0,False,False,,,,,,,,,,
1650569,25,5.36,9,0,0,134,2,9,76594,,40405,India v Australia U19 1-day 2026 - Men,1,229,India U19 Men,225,Australia U19 Men,8829103,2026-09-21T05:19:16Z,6,156.0,False,22156,Connor Gregory,22153,VK Vineeth,22134,Yashbardhan Chauhan,0,0,0,0,0,Null,NotReferred,Null,False,False,False,False,False,True,False,False,True,False,False,False,0,0,0,0,0,False,False,,,,,,,,,,
1650570,26,5.27,3,0,0,137,2,3,76594,,40405,India v Australia U19 1-day 2026 - Men,1,229,India U19 Men,225,Australia U19 Men,8829104,2026-09-21T05:20:35Z,1,157.0,False,22158,Patrick Sullivan,22134,Yashbardhan Chauhan,22153,VK Vineeth,0,0,0,0,0,Null,NotReferred,Null,False,False,False,False,False,True,False,False,True,False,False,False,0,0,0,0,0,False,False,,,,,,,,,,
1650570,26,5.27,3,0,0,137,2,3,76594,,40405,India v Australia U19 1-day 2026 - Men,1,229,India U19 Men,225,Australia U19 Men,8829105,2026-09-21T05:21:05Z,2,158.0,False,22158,Patrick Sullivan,22134,Yashbardhan Chauhan,22153,VK Vineeth,1,0,1,1,0,Null,NotReferred,Null,False,False,False,False,False,True,False,False,True,False,False,False,1,0,0,0,0,False,False,,,,,,,,,,
1650570,26,5.27,3,0,0,137,2,3,76594,,40405,India v Australia U19 1-day 2026 - Men,1,229,India U19 Men,225,Australia U19 Men,8829106,2026-09-21T05:21:51Z,3,159.0,False,22158,Patrick Sullivan,22153,VK Vineeth,22134,Yashbardhan Chauhan,1,0,1,1,0,Null,NotReferred,Null,False,False,False,False,False,True,False,False,True,False,False,False,1,0,0,0,0,False,False,,,,,,,,,,
1650570,26,5.27,3,0,0,137,2,3,76594,,40405,India v Australia U19 1-day 2026 - Men,1,229,India U19 Men,225,Australia U19 Men,8829107,2026-09-21T05:22:16Z,4,160.0,False,22158,Patrick Sullivan,22134,Yashbardhan Chauhan,22153,VK Vineeth,0,0,0,0,0,Null,NotReferred,Null,False,False,False,False,False,True,False,False,True,False,False,False,0,0,0,0,0,False,False,,,,,,,,,,
1650570,26,5.27,3,0,0,137,2,3,76594,,40405,India v Australia U19 1-day 2026 - Men,1,229,India U19 Men,225,Australia U19 Men,8829108,2026-09-21T05:22:52Z,5,161.0,False,22158,Patrick Sullivan,22134,Yashbardhan Chauhan,22153,VK Vineeth,0,0,0,0,0,Null,NotReferred,Null,False,False,False,False,False,True,False,False,True,False,False,False,0,0,0,0,0,False,False,,,,,,,,,,
1650570,26,5.27,3,0,0,137,2,3,76594,,40405,India v Australia U19 1-day 2026 - Men,1,229,India U19 Men,225,Australia U19 Men,8829109,2026-09-21T05:23:38Z,6,162.0,False,22158,Patrick Sullivan,22134,Yashbardhan Chauhan,22153,VK Vineeth,1,0,1,1,0,Null,NotReferred,Null,False,False,False,False,False,True,False,False,True,False,False,False,1,0,0,0,0,False,False,,,,,,,,,,
1650571,27,5.3,6,0,0,143,2,6,76594,,40405,India v Australia U19 1-day 2026 - Men,1,229,India U19 Men,225,Australia U19 Men,8829110,2026-09-21T05:24:38Z,1,163.0,False,22156,Connor Gregory,22134,Yashbardhan Chauhan,22153,VK Vineeth,0,0,0,0,0,Null,NotReferred,Null,False,False,False,False,False,True,False,False,True,False,False,False,0,0,0,0,0,False,False,,,,,,,,,,
1650571,27,5.3,6,0,0,143,2,6,76594,,40405,India v Australia U19 1-day 2026 - Men,1,229,India U19 Men,225,Australia U19 Men,8829111,2026-09-21T05:25:09Z,2,164.0,False,22156,Connor Gregory,22134,Yashbardhan Chauhan,22153,VK Vineeth,0,0,0,0,0,Null,NotReferred,Null,False,False,False,False,False,True,False,False,True,False,False,False,0,0,0,0,0,False,False,,,,,,,,,,
1650571,27,5.3,6,0,0,143,2,6,76594,,40405,India v Australia U19 1-day 2026 - Men,1,229,India U19 Men,225,Australia U19 Men,8829112,2026-09-21T05:25:23Z,3,165.0,False,22156,Connor Gregory,22134,Yashbardhan Chauhan,22153,VK Vineeth,1,0,1,1,0,Null,NotReferred,Null,False,False,False,False,False,True,False,False,True,False,False,False,1,0,0,0,0,False,False,,,,,,,,,,
1650571,27,5.3,6,0,0,143,2,6,76594,,40405,India v Australia U19 1-day 2026 - Men,1,229,India U19 Men,225,Australia U19 Men,8829113,2026-09-21T05:26:09Z,4,166.0,False,22156,Connor Gregory,22153,VK Vineeth,22134,Yashbardhan Chauhan,1,0,1,1,0,Null,NotReferred,Null,False,False,False,False,False,True,False,False,True,False,False,False,1,0,0,0,0,False,False,,,,,,,,,,
1650571,27,5.3,6,0,0,143,2,6,76594,,40405,India v Australia U19 1-day 2026 - Men,1,229,India U19 Men,225,Australia U19 Men,8829114,2026-09-21T05:26:24Z,5,167.0,False,22156,Connor Gregory,22134,Yashbardhan Chauhan,22153,VK Vineeth,0,0,0,0,0,Null,NotReferred,Null,False,False,False,False,False,True,False,False,True,False,False,False,0,0,0,0,0,False,False,,,,,,,,,,
1650571,27,5.3,6,0,0,143,2,6,76594,,40405,India v Australia U19 1-day 2026 - Men,1,229,India U19 Men,225,Australia U19 Men,8829115,2026-09-21T05:26:55Z,6,168.0,False,22156,Connor Gregory,22134,Yashbardhan Chauhan,22153,VK Vineeth,4,0,4,4,0,Null,NotReferred,Null,False,False,False,False,False,True,False,False,True,False,False,False,4,0,0,0,0,True,False,,,,,,,,,,
1650572,28,5.18,2,0,0,145,2,2,76594,,40405,India v Australia U19 1-day 2026 - Men,1,229,India U19 Men,225,Australia U19 Men,8829116,2026-09-21T05:27:55Z,1,169.0,False,22158,Patrick Sullivan,22153,VK Vineeth,22134,Yashbardhan Chauhan,0,0,0,0,0,Null,NotReferred,Null,False,False,False,False,False,True,False,False,True,False,False,False,0,0,0,0,0,False,False,,,,,,,,,,
1650572,28,5.18,2,0,0,145,2,2,76594,,40405,India v Australia U19 1-day 2026 - Men,1,229,India U19 Men,225,Australia U19 Men,8829117,2026-09-21T05:28:13Z,2,170.0,False,22158,Patrick Sullivan,22153,VK Vineeth,22134,Yashbardhan Chauhan,0,0,0,0,0,Null,NotReferred,Null,False,False,False,False,False,True,False,False,True,False,False,False,0,0,0,0,0,False,False,,,,,,,,,,
1650572,28,5.18,2,0,0,145,2,2,76594,,40405,India v Australia U19 1-day 2026 - Men,1,229,India U19 Men,225,Australia U19 Men,8829118,2026-09-21T05:29:11Z,3,171.0,False,22158,Patrick Sullivan,22153,VK Vineeth,22134,Yashbardhan Chauhan,0,0,0,0,0,Null,NotReferred,Null,False,False,False,False,False,True,False,False,True,False,False,False,0,0,0,0,0,False,False,,,,,,,,,,
1650572,28,5.18,2,0,0,145,2,2,76594,,40405,India v Australia U19 1-day 2026 - Men,1,229,India U19 Men,225,Australia U19 Men,8829119,2026-09-21T05:31:09Z,4,172.0,False,22158,Patrick Sullivan,22153,VK Vineeth,22134,Yashbardhan Chauhan,0,0,0,0,0,Null,NotReferred,Null,False,False,False,False,False,True,False,False,True,False,False,False,0,0,0,0,0,False,False,,,,,,,,,,
1650572,28,5.18,2,0,0,145,2,2,76594,,40405,India v Australia U19 1-day 2026 - Men,1,229,India U19 Men,225,Australia U19 Men,8829120,2026-09-21T05:31:26Z,5,173.0,False,22158,Patrick Sullivan,22153,VK Vineeth,22134,Yashbardhan Chauhan,1,0,1,1,0,Null,NotReferred,Null,False,False,False,False,False,True,False,False,True,False,False,False,1,0,0,0,0,False,False,,,,,,,,,,
1650572,28,5.18,2,0,0,145,2,2,76594,,40405,India v Australia U19 1-day 2026 - Men,1,229,India U19 Men,225,Australia U19 Men,8829121,2026-09-21T05:31:58Z,6,174.0,False,22158,Patrick Sullivan,22134,Yashbardhan Chauhan,22153,VK Vineeth,1,0,1,1,0,Null,NotReferred,Null,False,False,False,False,False,True,False,False,True,False,False,False,1,0,0,0,0,False,False,,,,,,,,,,
1650573,29,5.07,2,0,0,147,2,2,76594,,40405,India v Australia U19 1-day 2026 - Men,1,229,India U19 Men,225,Australia U19 Men,8829122,2026-09-21T05:33:29Z,1,175.0,False,22157,Jacob Pietz,22134,Yashbardhan Chauhan,22153,VK Vineeth,0,0,0,0,0,Null,NotReferred,Null,False,False,False,False,False,True,False,False,True,False,False,False,0,0,0,0,0,False,False,,,,,,,,,,
1650573,29,5.07,2,0,0,147,2,2,76594,,40405,India v Australia U19 1-day 2026 - Men,1,229,India U19 Men,225,Australia U19 Men,8829123,2026-09-21T05:33:43Z,2,176.0,False,22157,Jacob Pietz,22134,Yashbardhan Chauhan,22153,VK Vineeth,1,0,1,1,0,Null,NotReferred,Null,False,False,False,False,False,True,False,False,True,False,False,False,1,0,0,0,0,False,False,,,,,,,,,,
1650573,29,5.07,2,0,0,147,2,2,76594,,40405,India v Australia U19 1-day 2026 - Men,1,229,India U19 Men,225,Australia U19 Men,8829124,2026-09-21T05:34:28Z,3,177.0,False,22157,Jacob Pietz,22153,VK Vineeth,22134,Yashbardhan Chauhan,0,0,0,0,0,Null,NotReferred,Null,False,False,False,False,False,True,False,False,True,False,False,False,0,0,0,0,0,False,False,,,,,,,,,,
1650573,29,5.07,2,0,0,147,2,2,76594,,40405,India v Australia U19 1-day 2026 - Men,1,229,India U19 Men,225,Australia U19 Men,8829125,2026-09-21T05:34:59Z,4,178.0,False,22157,Jacob Pietz,22153,VK Vineeth,22134,Yashbardhan Chauhan,1,0,1,1,0,Null,NotReferred,Null,False,False,False,False,False,True,False,False,True,False,False,False,1,0,0,0,0,False,False,,,,,,,,,,
1650573,29,5.07,2,0,0,147,2,2,76594,,40405,India v Australia U19 1-day 2026 - Men,1,229,India U19 Men,225,Australia U19 Men,8829126,2026-09-21T05:35:13Z,5,179.0,False,22157,Jacob Pietz,22134,Yashbardhan Chauhan,22153,VK Vineeth,0,0,0,0,0,Null,NotReferred,Null,False,False,False,False,False,True,False,False,True,False,False,False,0,0,0,0,0,False,False,,,,,,,,,,
1650573,29,5.07,2,0,0,147,2,2,76594,,40405,India v Australia U19 1-day 2026 - Men,1,229,India U19 Men,225,Australia U19 Men,8829127,2026-09-21T05:35:44Z,6,180.0,False,22157,Jacob Pietz,22134,Yashbardhan Chauhan,22153,VK Vineeth,0,0,0,0,0,Null,NotReferred,Null,False,False,False,False,False,True,False,False,True,False,False,False,0,0,0,0,0,False,False,,,,,,,,,,
1650574,30,5.03,4,0,0,151,2,4,76594,,40405,India v Australia U19 1-day 2026 - Men,1,229,India U19 Men,225,Australia U19 Men,8829128,2026-09-21T05:37:45Z,1,181.0,False,22147,Thomas Vaseo,22153,VK Vineeth,22134,Yashbardhan Chauhan,2,0,2,2,0,Null,NotReferred,Null,False,False,False,False,False,True,False,False,True,False,False,False,2,0,0,0,0,False,False,,,,,,,,,,
1650574,30,5.03,4,0,0,151,2,4,76594,,40405,India v Australia U19 1-day 2026 - Men,1,229,India U19 Men,225,Australia U19 Men,8829129,2026-09-21T05:38:16Z,2,182.0,False,22147,Thomas Vaseo,22153,VK Vineeth,22134,Yashbardhan Chauhan,0,0,0,0,0,Null,NotReferred,Null,False,False,False,False,False,True,False,False,True,False,False,False,0,0,0,0,0,False,False,,,,,,,,,,
1650574,30,5.03,4,0,0,151,2,4,76594,,40405,India v Australia U19 1-day 2026 - Men,1,229,India U19 Men,225,Australia U19 Men,8829130,2026-09-21T05:38:46Z,3,183.0,False,22147,Thomas Vaseo,22153,VK Vineeth,22134,Yashbardhan Chauhan,1,0,1,1,0,Null,NotReferred,Null,False,False,False,False,False,True,False,False,True,False,False,False,1,0,0,0,0,False,False,,,,,,,,,,
1650574,30,5.03,4,0,0,151,2,4,76594,,40405,India v Australia U19 1-day 2026 - Men,1,229,India U19 Men,225,Australia U19 Men,8829131,2026-09-21T05:39:16Z,4,184.0,False,22147,Thomas Vaseo,22134,Yashbardhan Chauhan,22153,VK Vineeth,0,0,0,0,0,Null,NotReferred,Null,False,False,False,False,False,True,False,False,True,False,False,False,0,0,0,0,0,False,False,,,,,,,,,,
1650574,30,5.03,4,0,0,151,2,4,76594,,40405,India v Australia U19 1-day 2026 - Men,1,229,India U19 Men,225,Australia U19 Men,8829132,2026-09-21T05:39:47Z,5,185.0,False,22147,Thomas Vaseo,22134,Yashbardhan Chauhan,22153,VK Vineeth,0,0,0,0,0,Null,NotReferred,Null,False,False,False,False,False,True,False,False,True,False,False,False,0,0,0,0,0,False,False,,,,,,,,,,
1650574,30,5.03,4,0,0,151,2,4,76594,,40405,India v Australia U19 1-day 2026 - Men,1,229,India U19 Men,225,Australia U19 Men,8829133,2026-09-21T05:40:14Z,6,186.0,False,22147,Thomas Vaseo,22134,Yashbardhan Chauhan,22153,VK Vineeth,1,0,1,1,0,Null,NotReferred,Null,False,False,False,False,False,True,False,False,True,False,False,False,1,0,0,0,0,False,False,,,,,,,,,,
1650575,31,5.13,8,0,0,159,2,8,76594,,40405,India v Australia U19 1-day 2026 - Men,1,229,India U19 Men,225,Australia U19 Men,8829134,2026-09-21T05:41:21Z,1,187.0,False,22157,Jacob Pietz,22134,Yashbardhan Chauhan,22153,VK Vineeth,0,0,0,0,0,Null,NotReferred,Null,False,False,False,False,False,True,False,False,True,False,False,False,0,0,0,0,0,False,False,,,,,,,,,,
1650575,31,5.13,8,0,0,159,2,8,76594,,40405,India v Australia U19 1-day 2026 - Men,1,229,India U19 Men,225,Australia U19 Men,8829135,2026-09-21T05:41:48Z,2,188.0,False,22157,Jacob Pietz,22134,Yashbardhan Chauhan,22153,VK Vineeth,1,0,1,1,0,Null,NotReferred,Null,False,False,False,False,False,True,False,False,True,False,False,False,1,0,0,0,0,False,False,,,,,,,,,,
1650575,31,5.13,8,0,0,159,2,8,76594,,40405,India v Australia U19 1-day 2026 - Men,1,229,India U19 Men,225,Australia U19 Men,8829136,2026-09-21T05:42:18Z,3,189.0,False,22157,Jacob Pietz,22153,VK Vineeth,22134,Yashbardhan Chauhan,0,0,0,0,0,Null,NotReferred,Null,False,False,False,False,False,True,False,False,True,False,False,False,0,0,0,0,0,False,False,,,,,,,,,,
1650575,31,5.13,8,0,0,159,2,8,76594,,40405,India v Australia U19 1-day 2026 - Men,1,229,India U19 Men,225,Australia U19 Men,8829137,2026-09-21T05:42:33Z,4,190.0,False,22157,Jacob Pietz,22153,VK Vineeth,22134,Yashbardhan Chauhan,0,0,0,0,0,Null,NotReferred,Null,False,False,False,False,False,True,False,False,True,False,False,False,0,0,0,0,0,False,False,,,,,,,,,,
1650575,31,5.13,8,0,0,159,2,8,76594,,40405,India v Australia U19 1-day 2026 - Men,1,229,India U19 Men,225,Australia U19 Men,8829138,2026-09-21T05:44:04Z,5,191.0,False,22157,Jacob Pietz,22153,VK Vineeth,22134,Yashbardhan Chauhan,6,0,6,6,0,Null,NotReferred,Null,False,False,False,False,False,True,False,False,True,False,False,False,6,0,0,0,0,True,False,,,,,,,,,,
1650575,31,5.13,8,0,0,159,2,8,76594,,40405,India v Australia U19 1-day 2026 - Men,1,229,India U19 Men,225,Australia U19 Men,8829139,2026-09-21T05:44:07Z,6,192.0,False,22157,Jacob Pietz,22153,VK Vineeth,22134,Yashbardhan Chauhan,1,0,1,1,0,Null,NotReferred,Null,False,False,False,False,False,True,False,False,True,False,False,False,1,0,0,0,0,False,False,,,,,,,,,,
1650576,32,5.28,10,0,0,169,2,10,76594,,40405,India v Australia U19 1-day 2026 - Men,1,229,India U19 Men,225,Australia U19 Men,8829140,2026-09-21T05:45:19Z,1,193.0,False,22147,Thomas Vaseo,22153,VK Vineeth,22134,Yashbardhan Chauhan,4,0,4,4,0,Null,NotReferred,Null,False,False,False,False,False,True,False,False,True,False,False,False,4,0,0,0,0,True,False,,,,,,,,,,
1650576,32,5.28,10,0,0,169,2,10,76594,,40405,India v Australia U19 1-day 2026 - Men,1,229,India U19 Men,225,Australia U19 Men,8829141,2026-09-21T05:45:35Z,2,194.0,False,22147,Thomas Vaseo,22153,VK Vineeth,22134,Yashbardhan Chauhan,0,0,0,0,0,Null,NotReferred,Null,False,False,False,False,False,True,False,False,True,False,False,False,0,0,0,0,0,False,False,,,,,,,,,,
1650576,32,5.28,10,0,0,169,2,10,76594,,40405,India v Australia U19 1-day 2026 - Men,1,229,India U19 Men,225,Australia U19 Men,8829142,2026-09-21T05:46:05Z,3,195.0,False,22147,Thomas Vaseo,22153,VK Vineeth,22134,Yashbardhan Chauhan,0,0,0,0,0,Null,NotReferred,Null,False,False,False,False,False,True,False,False,True,False,False,False,0,0,0,0,0,False,False,,,,,,,,,,
1650576,32,5.28,10,0,0,169,2,10,76594,,40405,India v Australia U19 1-day 2026 - Men,1,229,India U19 Men,225,Australia U19 Men,8829143,2026-09-21T05:46:50Z,4,196.0,False,22147,Thomas Vaseo,22153,VK Vineeth,22134,Yashbardhan Chauhan,6,0,6,6,0,Null,NotReferred,Null,False,False,False,False,False,True,False,False,True,False,False,False,6,0,0,0,0,True,False,,,,,,,,,,
1650576,32,5.28,10,0,0,169,2,10,76594,,40405,India v Australia U19 1-day 2026 - Men,1,229,India U19 Men,225,Australia U19 Men,8829144,2026-09-21T05:47:02Z,5,197.0,False,22147,Thomas Vaseo,22153,VK Vineeth,22134,Yashbardhan Chauhan,0,0,0,0,0,Null,NotReferred,Null,False,False,False,False,False,True,False,False,True,False,False,False,0,0,0,0,0,False,False,,,,,,,,,,
1650576,32,5.28,10,0,0,169,2,10,76594,,40405,India v Australia U19 1-day 2026 - Men,1,229,India U19 Men,225,Australia U19 Men,8829145,2026-09-21T05:47:37Z,6,198.0,False,22147,Thomas Vaseo,22153,VK Vineeth,22134,Yashbardhan Chauhan,0,0,0,0,0,Null,NotReferred,Null,False,False,False,False,False,True,False,False,True,False,False,False,0,0,0,0,0,False,False,,,,,,,,,,
1650577,33,5.45,11,0,0,180,2,11,76594,,40405,India v Australia U19 1-day 2026 - Men,1,229,India U19 Men,225,Australia U19 Men,8829146,2026-09-21T05:49:58Z,1,199.0,False,22157,Jacob Pietz,22134,Yashbardhan Chauhan,22153,VK Vineeth,2,0,2,2,0,Null,NotReferred,Null,False,False,False,False,False,True,False,False,True,False,False,False,2,0,0,0,0,False,False,,,,,,,,,,
1650577,33,5.45,11,0,0,180,2,11,76594,,40405,India v Australia U19 1-day 2026 - Men,1,229,India U19 Men,225,Australia U19 Men,8829147,2026-09-21T05:50:01Z,2,200.0,False,22157,Jacob Pietz,22134,Yashbardhan Chauhan,22153,VK Vineeth,1,0,1,1,0,Null,NotReferred,Null,False,False,False,False,False,True,False,False,True,False,False,False,1,0,0,0,0,False,False,,,,,,,,,,
1650577,33,5.45,11,0,0,180,2,11,76594,,40405,India v Australia U19 1-day 2026 - Men,1,229,India U19 Men,225,Australia U19 Men,8829148,2026-09-21T05:50:12Z,3,201.0,False,22157,Jacob Pietz,22153,VK Vineeth,22134,Yashbardhan Chauhan,1,0,1,1,0,Null,NotReferred,Null,False,False,False,False,False,True,False,False,True,False,False,False,1,0,0,0,0,False,False,,,,,,,,,,
1650577,33,5.45,11,0,0,180,2,11,76594,,40405,India v Australia U19 1-day 2026 - Men,1,229,India U19 Men,225,Australia U19 Men,8829149,2026-09-21T05:50:53Z,4,202.0,False,22157,Jacob Pietz,22134,Yashbardhan Chauhan,22153,VK Vineeth,4,0,4,4,0,Null,NotReferred,Null,False,False,False,False,False,True,False,False,True,False,False,False,4,0,0,0,0,True,False,,,,,,,,,,
1650577,33,5.45,11,0,0,180,2,11,76594,,40405,India v Australia U19 1-day 2026 - Men,1,229,India U19 Men,225,Australia U19 Men,8829150,2026-09-21T05:51:22Z,5,203.0,False,22157,Jacob Pietz,22134,Yashbardhan Chauhan,22153,VK Vineeth,2,0,2,2,0,Null,NotReferred,Null,False,False,False,False,False,True,False,False,True,False,False,False,2,0,0,0,0,False,False,,,,,,,,,,
1650577,33,5.45,11,0,0,180,2,11,76594,,40405,India v Australia U19 1-day 2026 - Men,1,229,India U19 Men,225,Australia U19 Men,8829151,2026-09-21T05:51:53Z,6,204.0,False,22157,Jacob Pietz,22134,Yashbardhan Chauhan,22153,VK Vineeth,1,0,1,1,0,Null,NotReferred,Null,False,False,False,False,False,True,False,False,True,False,False,False,1,0,0,0,0,False,False,,,,,,,,,,
1650578,34,5.65,12,0,0,192,2,12,76594,,40405,India v Australia U19 1-day 2026 - Men,1,229,India U19 Men,225,Australia U19 Men,8829152,2026-09-21T05:56:57Z,1,205.0,False,22159,Theo Tsingos,22134,Yashbardhan Chauhan,22153,VK Vineeth,1,1,1,0,0,Null,NotReferred,Null,True,False,False,False,False,True,False,False,True,False,False,False,1,0,1,0,0,False,False,,,,,,,,,,
1650578,34,5.65,12,0,0,192,2,12,76594,,40405,India v Australia U19 1-day 2026 - Men,1,229,India U19 Men,225,Australia U19 Men,8829153,2026-09-21T05:57:24Z,1,206.0,False,22159,Theo Tsingos,22134,Yashbardhan Chauhan,22153,VK Vineeth,0,0,0,0,0,Null,NotReferred,Null,False,False,False,False,False,True,False,False,True,False,False,False,0,0,0,0,0,False,False,,,,,,,,,,
1650578,34,5.65,12,0,0,192,2,12,76594,,40405,India v Australia U19 1-day 2026 - Men,1,229,India U19 Men,225,Australia U19 Men,8829154,2026-09-21T05:58:13Z,2,207.0,False,22159,Theo Tsingos,22134,Yashbardhan Chauhan,22153,VK Vineeth,6,0,6,6,0,Null,NotReferred,Null,False,False,False,False,False,True,False,False,True,False,False,False,6,0,0,0,0,True,False,,,,,,,,,,
1650578,34,5.65,12,0,0,192,2,12,76594,,40405,India v Australia U19 1-day 2026 - Men,1,229,India U19 Men,225,Australia U19 Men,8829155,2026-09-21T05:58:42Z,3,208.0,False,22159,Theo Tsingos,22134,Yashbardhan Chauhan,22153,VK Vineeth,0,0,0,0,0,Null,NotReferred,Null,False,False,False,False,False,True,False,False,True,False,False,False,0,0,0,0,0,False,False,,,,,,,,,,
1650578,34,5.65,12,0,0,192,2,12,76594,,40405,India v Australia U19 1-day 2026 - Men,1,229,India U19 Men,225,Australia U19 Men,8829156,2026-09-21T06:00:14Z,4,209.0,False,22159,Theo Tsingos,22134,Yashbardhan Chauhan,22153,VK Vineeth,4,0,4,4,0,Null,NotReferred,Null,False,False,False,False,False,True,False,False,True,False,False,False,4,0,0,0,0,True,False,,,,,,,,,,
1650578,34,5.65,12,0,0,192,2,12,76594,,40405,India v Australia U19 1-day 2026 - Men,1,229,India U19 Men,225,Australia U19 Men,8829157,2026-09-21T06:00:17Z,5,210.0,False,22159,Theo Tsingos,22134,Yashbardhan Chauhan,22153,VK Vineeth,0,0,0,0,0,Null,NotReferred,Null,False,False,False,False,False,True,False,False,True,False,False,False,0,0,0,0,0,False,False,,,,,,,,,,
1650578,34,5.65,12,0,0,192,2,12,76594,,40405,India v Australia U19 1-day 2026 - Men,1,229,India U19 Men,225,Australia U19 Men,8829158,2026-09-21T06:00:59Z,6,211.0,False,22159,Theo Tsingos,22134,Yashbardhan Chauhan,22153,VK Vineeth,1,0,1,1,0,Null,NotReferred,Null,False,False,False,False,False,True,False,False,True,False,False,False,1,0,0,0,0,False,False,,,,,,,,,,
1650579,35,5.57,3,0,0,195,2,3,76594,,40405,India v Australia U19 1-day 2026 - Men,1,229,India U19 Men,225,Australia U19 Men,8829159,2026-09-21T06:01:57Z,1,212.0,False,22157,Jacob Pietz,22134,Yashbardhan Chauhan,22153,VK Vineeth,0,0,0,0,0,Null,NotReferred,Null,False,False,False,False,False,True,False,False,True,False,False,False,0,0,0,0,0,False,False,,,,,,,,,,
1650579,35,5.57,3,0,0,195,2,3,76594,,40405,India v Australia U19 1-day 2026 - Men,1,229,India U19 Men,225,Australia U19 Men,8829160,2026-09-21T06:02:20Z,2,213.0,False,22157,Jacob Pietz,22134,Yashbardhan Chauhan,22153,VK Vineeth,1,0,1,1,0,Null,NotReferred,Null,False,False,False,False,False,True,False,False,True,False,False,False,1,0,0,0,0,False,False,,,,,,,,,,
1650579,35,5.57,3,0,0,195,2,3,76594,,40405,India v Australia U19 1-day 2026 - Men,1,229,India U19 Men,225,Australia U19 Men,8829161,2026-09-21T06:03:00Z,3,214.0,False,22157,Jacob Pietz,22153,VK Vineeth,22134,Yashbardhan Chauhan,1,0,1,1,0,Null,NotReferred,Null,False,False,False,False,False,True,False,False,True,False,False,False,1,0,0,0,0,False,False,,,,,,,,,,
1650579,35,5.57,3,0,0,195,2,3,76594,,40405,India v Australia U19 1-day 2026 - Men,1,229,India U19 Men,225,Australia U19 Men,8829162,2026-09-21T06:03:23Z,4,215.0,False,22157,Jacob Pietz,22134,Yashbardhan Chauhan,22153,VK Vineeth,0,0,0,0,0,Null,NotReferred,Null,False,False,False,False,False,True,False,False,True,False,False,False,0,0,0,0,0,False,False,,,,,,,,,,
1650579,35,5.57,3,0,0,195,2,3,76594,,40405,India v Australia U19 1-day 2026 - Men,1,229,India U19 Men,225,Australia U19 Men,8829163,2026-09-21T06:04:00Z,5,216.0,False,22157,Jacob Pietz,22134,Yashbardhan Chauhan,22153,VK Vineeth,1,0,1,1,0,Null,NotReferred,Null,False,False,False,False,False,True,False,False,True,False,False,False,1,0,0,0,0,False,False,,,,,,,,,,
1650579,35,5.57,3,0,0,195,2,3,76594,,40405,India v Australia U19 1-day 2026 - Men,1,229,India U19 Men,225,Australia U19 Men,8829164,2026-09-21T06:04:15Z,6,217.0,False,22157,Jacob Pietz,22153,VK Vineeth,22134,Yashbardhan Chauhan,0,0,0,0,0,Null,NotReferred,Null,False,False,False,False,False,True,False,False,True,False,False,False,0,0,0,0,0,False,False,,,,,,,,,,
1650580,36,5.75,12,0,0,207,2,12,76594,,40405,India v Australia U19 1-day 2026 - Men,1,229,India U19 Men,225,Australia U19 Men,8829165,2026-09-21T06:05:47Z,1,218.0,False,22159,Theo Tsingos,22134,Yashbardhan Chauhan,22153,VK Vineeth,4,0,4,4,0,Null,NotReferred,Null,False,False,False,False,False,True,False,False,True,False,False,False,4,0,0,0,0,True,False,,,,,,,,,,
1650580,36,5.75,12,0,0,207,2,12,76594,,40405,India v Australia U19 1-day 2026 - Men,1,229,India U19 Men,225,Australia U19 Men,8829166,2026-09-21T06:06:17Z,2,219.0,False,22159,Theo Tsingos,22134,Yashbardhan Chauhan,22153,VK Vineeth,1,0,1,1,0,Null,NotReferred,Null,False,False,False,False,False,True,False,False,True,False,False,False,1,0,0,0,0,False,False,,,,,,,,,,
1650580,36,5.75,12,0,0,207,2,12,76594,,40405,India v Australia U19 1-day 2026 - Men,1,229,India U19 Men,225,Australia U19 Men,8829167,2026-09-21T06:07:18Z,3,220.0,False,22159,Theo Tsingos,22153,VK Vineeth,22134,Yashbardhan Chauhan,6,0,6,6,0,Null,NotReferred,Null,False,False,False,False,False,True,False,False,True,False,False,False,6,0,0,0,0,True,False,,,,,,,,,,
1650580,36,5.75,12,0,0,207,2,12,76594,,40405,India v Australia U19 1-day 2026 - Men,1,229,India U19 Men,225,Australia U19 Men,8829168,2026-09-21T06:08:03Z,4,221.0,False,22159,Theo Tsingos,22153,VK Vineeth,22134,Yashbardhan Chauhan,0,0,0,0,0,Null,NotReferred,Null,False,False,False,False,False,True,False,False,True,False,False,False,0,0,0,0,0,False,False,,,,,,,,,,
1650580,36,5.75,12,0,0,207,2,12,76594,,40405,India v Australia U19 1-day 2026 - Men,1,229,India U19 Men,225,Australia U19 Men,8829169,2026-09-21T06:08:34Z,5,222.0,False,22159,Theo Tsingos,22153,VK Vineeth,22134,Yashbardhan Chauhan,0,0,0,0,0,Null,NotReferred,Null,False,False,False,False,False,True,False,False,True,False,False,False,0,0,0,0,0,False,False,,,,,,,,,,
1650580,36,5.75,12,0,0,207,2,12,76594,,40405,India v Australia U19 1-day 2026 - Men,1,229,India U19 Men,225,Australia U19 Men,8829170,2026-09-21T06:11:05Z,6,223.0,False,22159,Theo Tsingos,22153,VK Vineeth,22134,Yashbardhan Chauhan,1,0,1,1,0,Null,NotReferred,Null,False,False,False,False,False,True,False,False,True,False,False,False,1,0,0,0,0,False,False,,,,,,,,,,
1650581,37,5.78,7,0,0,214,2,7,76594,,40405,India v Australia U19 1-day 2026 - Men,1,229,India U19 Men,225,Australia U19 Men,8829171,2026-09-21T06:11:09Z,1,224.0,False,22157,Jacob Pietz,22153,VK Vineeth,22134,Yashbardhan Chauhan,0,0,0,0,0,Null,NotReferred,Null,False,False,False,False,False,True,False,False,True,False,False,False,0,0,0,0,0,False,False,,,,,,,,,,
1650581,37,5.78,7,0,0,214,2,7,76594,,40405,India v Australia U19 1-day 2026 - Men,1,229,India U19 Men,225,Australia U19 Men,8829172,2026-09-21T06:11:25Z,2,225.0,False,22157,Jacob Pietz,22153,VK Vineeth,22134,Yashbardhan Chauhan,4,0,4,4,0,Null,NotReferred,Null,False,False,False,False,False,True,False,False,True,False,False,False,4,0,0,0,0,True,False,,,,,,,,,,
1650581,37,5.78,7,0,0,214,2,7,76594,,40405,India v Australia U19 1-day 2026 - Men,1,229,India U19 Men,225,Australia U19 Men,8829173,2026-09-21T06:12:05Z,3,226.0,False,22157,Jacob Pietz,22153,VK Vineeth,22134,Yashbardhan Chauhan,1,0,1,1,0,Null,NotReferred,Null,False,False,False,False,False,True,False,False,True,False,False,False,1,0,0,0,0,False,False,,,,,,,,,,
1650581,37,5.78,7,0,0,214,2,7,76594,,40405,India v Australia U19 1-day 2026 - Men,1,229,India U19 Men,225,Australia U19 Men,8829174,2026-09-21T06:13:23Z,4,227.0,False,22157,Jacob Pietz,22134,Yashbardhan Chauhan,22153,VK Vineeth,1,0,1,1,0,Null,NotReferred,Null,False,False,False,False,False,True,False,False,True,False,False,False,1,0,0,0,0,False,False,,,,,,,,,,
1650581,37,5.78,7,0,0,214,2,7,76594,,40405,India v Australia U19 1-day 2026 - Men,1,229,India U19 Men,225,Australia U19 Men,8829175,2026-09-21T06:13:26Z,5,228.0,False,22157,Jacob Pietz,22153,VK Vineeth,22134,Yashbardhan Chauhan,1,0,1,1,0,Null,NotReferred,Null,False,False,False,False,False,True,False,False,True,False,False,False,1,0,0,0,0,False,False,,,,,,,,,,
1650581,37,5.78,7,0,0,214,2,7,76594,,40405,India v Australia U19 1-day 2026 - Men,1,229,India U19 Men,225,Australia U19 Men,8829176,2026-09-21T06:13:29Z,6,229.0,False,22157,Jacob Pietz,22134,Yashbardhan Chauhan,22153,VK Vineeth,0,0,0,0,0,Null,NotReferred,Null,False,False,False,False,False,True,False,False,True,False,False,False,0,0,0,0,0,False,False,,,,,,,,,,
1650582,38,5.92,11,0,0,225,2,11,76594,,40405,India v Australia U19 1-day 2026 - Men,1,229,India U19 Men,225,Australia U19 Men,8829177,2026-09-21T06:15:22Z,1,230.0,False,22156,Connor Gregory,22153,VK Vineeth,22134,Yashbardhan Chauhan,2,0,2,2,0,Null,NotReferred,Null,False,False,False,False,False,True,False,False,True,False,False,False,2,0,0,0,0,False,False,,,,,,,,,,
1650582,38,5.92,11,0,0,225,2,11,76594,,40405,India v Australia U19 1-day 2026 - Men,1,229,India U19 Men,225,Australia U19 Men,8829178,2026-09-21T06:15:52Z,2,231.0,False,22156,Connor Gregory,22153,VK Vineeth,22134,Yashbardhan Chauhan,1,0,1,1,0,Null,NotReferred,Null,False,False,False,False,False,True,False,False,True,False,False,False,1,0,0,0,0,False,False,,,,,,,,,,
1650582,38,5.92,11,0,0,225,2,11,76594,,40405,India v Australia U19 1-day 2026 - Men,1,229,India U19 Men,225,Australia U19 Men,8829179,2026-09-21T06:16:19Z,3,232.0,False,22156,Connor Gregory,22134,Yashbardhan Chauhan,22153,VK Vineeth,1,0,1,1,0,Null,NotReferred,Null,False,False,False,False,False,True,False,False,True,False,False,False,1,0,0,0,0,False,False,,,,,,,,,,
1650582,38,5.92,11,0,0,225,2,11,76594,,40405,India v Australia U19 1-day 2026 - Men,1,229,India U19 Men,225,Australia U19 Men,8829180,2026-09-21T06:17:08Z,4,233.0,False,22156,Connor Gregory,22153,VK Vineeth,22134,Yashbardhan Chauhan,6,0,6,6,0,Null,NotReferred,Null,False,False,False,False,False,True,False,False,True,False,False,False,6,0,0,0,0,True,False,,,,,,,,,,
1650582,38,5.92,11,0,0,225,2,11,76594,,40405,India v Australia U19 1-day 2026 - Men,1,229,India U19 Men,225,Australia U19 Men,8829181,2026-09-21T06:17:24Z,5,234.0,False,22156,Connor Gregory,22153,VK Vineeth,22134,Yashbardhan Chauhan,0,0,0,0,0,Null,NotReferred,Null,False,False,False,False,False,True,False,False,True,False,False,False,0,0,0,0,0,False,False,,,,,,,,,,
1650582,38,5.92,11,0,0,225,2,11,76594,,40405,India v Australia U19 1-day 2026 - Men,1,229,India U19 Men,225,Australia U19 Men,8829182,2026-09-21T06:17:53Z,6,235.0,False,22156,Connor Gregory,22153,VK Vineeth,22134,Yashbardhan Chauhan,1,1,1,0,0,Null,NotReferred,Null,True,False,False,False,False,True,False,False,True,False,False,False,1,0,1,0,0,False,False,,,,,,,,,,
1650582,38,5.92,11,0,0,225,2,11,76594,,40405,India v Australia U19 1-day 2026 - Men,1,229,India U19 Men,225,Australia U19 Men,8829183,2026-09-21T06:18:09Z,6,236.0,False,22156,Connor Gregory,22153,VK Vineeth,22134,Yashbardhan Chauhan,0,0,0,0,0,Null,NotReferred,Null,False,False,False,False,False,True,False,False,True,False,False,False,0,0,0,0,0,False,False,,,,,,,,,,
1650583,39,5.9,5,0,0,230,2,5,76594,,40405,India v Australia U19 1-day 2026 - Men,1,229,India U19 Men,225,Australia U19 Men,8829184,2026-09-21T06:19:56Z,1,237.0,False,22147,Thomas Vaseo,22134,Yashbardhan Chauhan,22153,VK Vineeth,0,0,0,0,0,Null,NotReferred,Null,False,False,False,False,False,True,False,False,True,False,False,False,0,0,0,0,0,False,False,,,,,,,,,,
1650583,39,5.9,5,0,0,230,2,5,76594,,40405,India v Australia U19 1-day 2026 - Men,1,229,India U19 Men,225,Australia U19 Men,8829185,2026-09-21T06:20:41Z,2,238.0,False,22147,Thomas Vaseo,22134,Yashbardhan Chauhan,22153,VK Vineeth,4,0,4,4,0,Null,NotReferred,Null,False,False,False,False,False,True,False,False,True,False,False,False,4,0,0,0,0,True,False,,,,,,,,,,
1650583,39,5.9,5,0,0,230,2,5,76594,,40405,India v Australia U19 1-day 2026 - Men,1,229,India U19 Men,225,Australia U19 Men,8829186,2026-09-21T06:21:12Z,3,239.0,False,22147,Thomas Vaseo,22134,Yashbardhan Chauhan,22153,VK Vineeth,0,0,0,0,0,Null,NotReferred,Null,False,False,False,False,False,True,False,False,True,False,False,False,0,0,0,0,0,False,False,,,,,,,,,,
1650583,39,5.9,5,0,0,230,2,5,76594,,40405,India v Australia U19 1-day 2026 - Men,1,229,India U19 Men,225,Australia U19 Men,8829187,2026-09-21T06:21:40Z,4,240.0,False,22147,Thomas Vaseo,22134,Yashbardhan Chauhan,22153,VK Vineeth,1,0,1,1,0,Null,NotReferred,Null,False,False,False,False,False,True,False,False,True,False,False,False,1,0,0,0,0,False,False,,,,,,,,,,
1650583,39,5.9,5,0,0,230,2,5,76594,,40405,India v Australia U19 1-day 2026 - Men,1,229,India U19 Men,225,Australia U19 Men,8829188,2026-09-21T06:22:57Z,5,241.0,False,22147,Thomas Vaseo,22153,VK Vineeth,22134,Yashbardhan Chauhan,0,0,0,0,0,Null,NotReferred,Null,False,False,False,False,False,True,False,False,True,False,False,False,0,0,0,0,0,False,False,,,,,,,,,,
1650583,39,5.9,5,0,0,230,2,5,76594,,40405,India v Australia U19 1-day 2026 - Men,1,229,India U19 Men,225,Australia U19 Men,8829189,2026-09-21T06:23:28Z,6,242.0,False,22147,Thomas Vaseo,22153,VK Vineeth,22134,Yashbardhan Chauhan,0,0,0,0,0,Null,NotReferred,Null,False,False,False,False,False,True,False,False,True,False,False,False,0,0,0,0,0,False,False,,,,,,,,,,
1650584,40,5.88,5,1,0,235,3,5,76594,,40405,India v Australia U19 1-day 2026 - Men,1,229,India U19 Men,225,Australia U19 Men,8829190,2026-09-21T06:25:24Z,1,243.0,False,22156,Connor Gregory,22134,Yashbardhan Chauhan,22153,VK Vineeth,2,0,2,2,0,Null,NotReferred,Null,False,False,False,False,False,True,False,False,True,False,False,False,2,0,0,0,0,False,False,,,,,,,,,,
1650584,40,5.88,5,1,0,235,3,5,76594,,40405,India v Australia U19 1-day 2026 - Men,1,229,India U19 Men,225,Australia U19 Men,8829191,2026-09-21T06:25:27Z,2,244.0,False,22156,Connor Gregory,22134,Yashbardhan Chauhan,22153,VK Vineeth,1,0,1,1,0,Null,NotReferred,Null,False,False,False,False,False,True,False,False,True,False,False,False,1,0,0,0,0,False,False,,,,,,,,,,
1650584,40,5.88,5,1,0,235,3,5,76594,,40405,India v Australia U19 1-day 2026 - Men,1,229,India U19 Men,225,Australia U19 Men,8829192,2026-09-21T06:26:44Z,3,245.0,True,22156,Connor Gregory,22153,VK Vineeth,22134,Yashbardhan Chauhan,0,0,0,0,0,Null,NotReferred,Null,False,False,False,False,False,True,False,False,True,False,False,False,0,0,0,0,0,False,False,Caught,22153.0,VK Vineeth,Caught,Caught,,,,,
1650584,40,5.88,5,1,0,235,3,5,76594,,40405,India v Australia U19 1-day 2026 - Men,1,229,India U19 Men,225,Australia U19 Men,8829193,2026-09-21T06:28:00Z,4,246.0,False,22156,Connor Gregory,22135,Kushagra Ojha,22134,Yashbardhan Chauhan,1,0,1,1,0,Null,NotReferred,Null,False,False,False,False,False,True,False,False,True,False,False,False,1,0,0,0,0,False,False,,,,,,,,,,
1650584,40,5.88,5,1,0,235,3,5,76594,,40405,India v Australia U19 1-day 2026 - Men,1,229,India U19 Men,225,Australia U19 Men,8829194,2026-09-21T06:28:15Z,5,247.0,False,22156,Connor Gregory,22134,Yashbardhan Chauhan,22135,Kushagra Ojha,0,0,0,0,0,Null,NotReferred,Null,False,False,False,False,False,True,False,False,True,False,False,False,0,0,0,0,0,False,False,,,,,,,,,,
1650584,40,5.88,5,1,0,235,3,5,76594,,40405,India v Australia U19 1-day 2026 - Men,1,229,India U19 Men,225,Australia U19 Men,8829195,2026-09-21T06:28:46Z,6,248.0,False,22156,Connor Gregory,22134,Yashbardhan Chauhan,22135,Kushagra Ojha,1,0,1,1,0,Null,NotReferred,Null,False,False,False,False,False,True,False,False,True,False,False,False,1,0,0,0,0,False,False,,,,,,,,,,
1650585,41,6.02,12,0,0,247,3,12,76594,,40405,India v Australia U19 1-day 2026 - Men,1,229,India U19 Men,225,Australia U19 Men,8829196,2026-09-21T06:30:16Z,1,249.0,False,22147,Thomas Vaseo,22134,Yashbardhan Chauhan,22135,Kushagra Ojha,4,0,4,4,0,Null,NotReferred,Null,False,False,False,False,False,True,False,False,True,False,False,False,4,0,0,0,0,True,False,,,,,,,,,,
1650585,41,6.02,12,0,0,247,3,12,76594,,40405,India v Australia U19 1-day 2026 - Men,1,229,India U19 Men,225,Australia U19 Men,8829197,2026-09-21T06:30:30Z,2,250.0,False,22147,Thomas Vaseo,22134,Yashbardhan Chauhan,22135,Kushagra Ojha,4,0,4,4,0,Null,NotReferred,Null,False,False,False,False,False,True,False,False,True,False,False,False,4,0,0,0,0,True,False,,,,,,,,,,
1650585,41,6.02,12,0,0,247,3,12,76594,,40405,India v Australia U19 1-day 2026 - Men,1,229,India U19 Men,225,Australia U19 Men,8829198,2026-09-21T06:31:16Z,3,251.0,False,22147,Thomas Vaseo,22134,Yashbardhan Chauhan,22135,Kushagra Ojha,1,0,1,1,0,Null,NotReferred,Null,False,False,False,False,False,True,False,False,True,False,False,False,1,0,0,0,0,False,False,,,,,,,,,,
1650585,41,6.02,12,0,0,247,3,12,76594,,40405,India v Australia U19 1-day 2026 - Men,1,229,India U19 Men,225,Australia U19 Men,8829199,2026-09-21T06:32:52Z,4,252.0,False,22147,Thomas Vaseo,22135,Kushagra Ojha,22134,Yashbardhan Chauhan,1,0,1,1,0,Null,NotReferred,Null,False,False,False,False,False,True,False,False,True,False,False,False,1,0,0,0,0,False,False,,,,,,,,,,
1650585,41,6.02,12,0,0,247,3,12,76594,,40405,India v Australia U19 1-day 2026 - Men,1,229,India U19 Men,225,Australia U19 Men,8829200,2026-09-21T06:32:55Z,5,253.0,False,22147,Thomas Vaseo,22134,Yashbardhan Chauhan,22135,Kushagra Ojha,1,0,1,1,0,Null,NotReferred,Null,False,False,False,False,False,True,False,False,True,False,False,False,1,0,0,0,0,False,False,,,,,,,,,,
1650585,41,6.02,12,0,0,247,3,12,76594,,40405,India v Australia U19 1-day 2026 - Men,1,229,India U19 Men,225,Australia U19 Men,8829201,2026-09-21T06:33:00Z,6,254.0,False,22147,Thomas Vaseo,22135,Kushagra Ojha,22134,Yashbardhan Chauhan,1,0,1,1,0,Null,NotReferred,Null,False,False,False,False,False,True,False,False,True,False,False,False,1,0,0,0,0,False,False,,,,,,,,,,
1650586,42,6.24,15,0,0,262,3,15,76594,,40405,India v Australia U19 1-day 2026 - Men,1,229,India U19 Men,225,Australia U19 Men,8829202,2026-09-21T06:34:30Z,1,255.0,False,22156,Connor Gregory,22135,Kushagra Ojha,22134,Yashbardhan Chauhan,4,0,4,4,0,Null,NotReferred,Null,False,False,False,False,False,True,False,False,True,False,False,False,4,0,0,0,0,True,False,,,,,,,,,,
1650586,42,6.24,15,0,0,262,3,15,76594,,40405,India v Australia U19 1-day 2026 - Men,1,229,India U19 Men,225,Australia U19 Men,8829203,2026-09-21T06:34:45Z,2,256.0,False,22156,Connor Gregory,22135,Kushagra Ojha,22134,Yashbardhan Chauhan,4,0,4,4,0,Null,NotReferred,Null,False,False,False,False,False,True,False,False,True,False,False,False,4,0,0,0,0,True,False,,,,,,,,,,
1650586,42,6.24,15,0,0,262,3,15,76594,,40405,India v Australia U19 1-day 2026 - Men,1,229,India U19 Men,225,Australia U19 Men,8829204,2026-09-21T06:35:54Z,3,257.0,False,22156,Connor Gregory,22135,Kushagra Ojha,22134,Yashbardhan Chauhan,1,1,1,0,0,Null,NotReferred,Null,True,False,False,False,False,True,False,False,True,False,False,False,1,0,1,0,0,False,False,,,,,,,,,,
1650586,42,6.24,15,0,0,262,3,15,76594,,40405,India v Australia U19 1-day 2026 - Men,1,229,India U19 Men,225,Australia U19 Men,8829205,2026-09-21T06:35:57Z,3,258.0,False,22156,Connor Gregory,22135,Kushagra Ojha,22134,Yashbardhan Chauhan,1,0,1,1,0,Null,NotReferred,Null,False,False,False,False,False,True,False,False,True,False,False,False,1,0,0,0,0,False,False,,,,,,,,,,
1650586,42,6.24,15,0,0,262,3,15,76594,,40405,India v Australia U19 1-day 2026 - Men,1,229,India U19 Men,225,Australia U19 Men,8829206,2026-09-21T06:36:50Z,4,259.0,False,22156,Connor Gregory,22134,Yashbardhan Chauhan,22135,Kushagra Ojha,4,0,4,4,0,Null,NotReferred,Null,False,False,False,False,False,True,False,False,True,False,False,False,4,0,0,0,0,True,False,,,,,,,,,,
1650586,42,6.24,15,0,0,262,3,15,76594,,40405,India v Australia U19 1-day 2026 - Men,1,229,India U19 Men,225,Australia U19 Men,8829207,2026-09-21T06:36:53Z,6,5.0,False,22156,Connor Gregory,22134,Yashbardhan Chauhan,22135,Kushagra Ojha,0,0,0,0,0,Null,NotReferred,Null,False,False,False,False,False,True,False,False,True,False,False,False,0,0,0,0,0,False,False,,,,,,,,,,
1650586,42,6.24,15,0,0,262,3,15,76594,,40405,India v Australia U19 1-day 2026 - Men,1,229,India U19 Men,225,Australia U19 Men,8829208,2026-09-21T06:39:16Z,6,261.0,False,22156,Connor Gregory,22134,Yashbardhan Chauhan,22135,Kushagra Ojha,1,0,1,1,0,Null,NotReferred,Null,False,False,False,False,False,True,False,False,True,False,False,False,1,0,0,0,0,False,False,,,,,,,,,,
1650587,43,6.33,10,0,0,272,3,10,76594,,40405,India v Australia U19 1-day 2026 - Men,1,229,India U19 Men,225,Australia U19 Men,8829209,2026-09-21T06:39:20Z,1,262.0,False,22155,Matthew Lough,22134,Yashbardhan Chauhan,22135,Kushagra Ojha,1,0,1,1,0,Null,NotReferred,Null,False,False,False,False,False,True,False,False,True,False,False,False,1,0,0,0,0,False,False,,,,,,,,,,
1650587,43,6.33,10,0,0,272,3,10,76594,,40405,India v Australia U19 1-day 2026 - Men,1,229,India U19 Men,225,Australia U19 Men,8829210,2026-09-21T06:39:52Z,2,263.0,False,22155,Matthew Lough,22135,Kushagra Ojha,22134,Yashbardhan Chauhan,4,0,4,4,0,Null,NotReferred,Null,False,False,False,False,False,True,False,False,True,False,False,False,4,0,0,0,0,True,False,,,,,,,,,,
1650587,43,6.33,10,0,0,272,3,10,76594,,40405,India v Australia U19 1-day 2026 - Men,1,229,India U19 Men,225,Australia U19 Men,8829211,2026-09-21T06:40:07Z,3,3.0,False,22155,Matthew Lough,22135,Kushagra Ojha,22134,Yashbardhan Chauhan,0,0,0,0,0,Null,NotReferred,Null,False,False,False,False,False,True,False,False,True,False,False,False,0,0,0,0,0,False,False,,,,,,,,,,
1650587,43,6.33,10,0,0,272,3,10,76594,,40405,India v Australia U19 1-day 2026 - Men,1,229,India U19 Men,225,Australia U19 Men,8829212,2026-09-21T06:40:22Z,4,265.0,False,22155,Matthew Lough,22135,Kushagra Ojha,22134,Yashbardhan Chauhan,0,0,0,0,0,Null,NotReferred,Null,False,False,False,False,False,True,False,False,True,False,False,False,0,0,0,0,0,False,False,,,,,,,,,,
1650587,43,6.33,10,0,0,272,3,10,76594,,40405,India v Australia U19 1-day 2026 - Men,1,229,India U19 Men,225,Australia U19 Men,8829213,2026-09-21T06:42:20Z,5,5.0,False,22155,Matthew Lough,22135,Kushagra Ojha,22134,Yashbardhan Chauhan,1,0,1,1,0,Null,NotReferred,Null,False,False,False,False,False,True,False,False,True,False,False,False,1,0,0,0,0,False,False,,,,,,,,,,
1650587,43,6.33,10,0,0,272,3,10,76594,,40405,India v Australia U19 1-day 2026 - Men,1,229,India U19 Men,225,Australia U19 Men,8829214,2026-09-21T06:42:23Z,6,267.0,False,22155,Matthew Lough,22134,Yashbardhan Chauhan,22135,Kushagra Ojha,4,0,4,4,0,Null,NotReferred,Null,False,False,False,False,False,True,False,False,True,False,False,False,4,0,0,0,0,True,False,,,,,,,,,,
1650588,44,6.3,5,0,0,277,3,5,76594,,40405,India v Australia U19 1-day 2026 - Men,1,229,India U19 Men,225,Australia U19 Men,8829215,2026-09-21T06:45:15Z,1,268.0,False,22158,Patrick Sullivan,22135,Kushagra Ojha,22134,Yashbardhan Chauhan,0,0,0,0,0,Null,NotReferred,Null,False,False,False,False,False,True,False,False,True,False,False,False,0,0,0,0,0,False,False,,,,,,,,,,
1650588,44,6.3,5,0,0,277,3,5,76594,,40405,India v Australia U19 1-day 2026 - Men,1,229,India U19 Men,225,Australia U19 Men,8829216,2026-09-21T06:45:18Z,2,269.0,False,22158,Patrick Sullivan,22135,Kushagra Ojha,22134,Yashbardhan Chauhan,0,1,1,0,0,Null,NotReferred,Null,False,False,False,True,False,True,False,False,True,False,False,False,1,0,0,1,0,False,False,,,,,,,,,,
1650588,44,6.3,5,0,0,277,3,5,76594,,40405,India v Australia U19 1-day 2026 - Men,1,229,India U19 Men,225,Australia U19 Men,8829217,2026-09-21T06:45:22Z,3,,False,22158,Patrick Sullivan,22134,Yashbardhan Chauhan,22135,Kushagra Ojha,0,0,0,0,0,Null,NotReferred,Null,False,False,False,False,False,True,False,False,True,False,False,False,0,0,0,0,0,False,False,,,,,,,,,,
1650588,44,6.3,5,0,0,277,3,5,76594,,40405,India v Australia U19 1-day 2026 - Men,1,229,India U19 Men,225,Australia U19 Men,8829218,2026-09-21T06:45:25Z,4,271.0,False,22158,Patrick Sullivan,22134,Yashbardhan Chauhan,22135,Kushagra Ojha,0,0,0,0,0,Null,NotReferred,Null,False,False,False,False,False,True,False,False,True,False,False,False,0,0,0,0,0,False,False,,,,,,,,,,
1650588,44,6.3,5,0,0,277,3,5,76594,,40405,India v Australia U19 1-day 2026 - Men,1,229,India U19 Men,225,Australia U19 Men,8829219,2026-09-21T06:46:30Z,5,272.0,False,22158,Patrick Sullivan,22134,Yashbardhan Chauhan,22135,Kushagra Ojha,4,0,4,4,0,Null,NotReferred,Null,False,False,False,False,False,True,False,False,True,False,False,False,4,0,0,0,0,True,False,,,,,,,,,,
1650588,44,6.3,5,0,0,277,3,5,76594,,40405,India v Australia U19 1-day 2026 - Men,1,229,India U19 Men,225,Australia U19 Men,8829220,2026-09-21T06:46:33Z,6,273.0,False,22158,Patrick Sullivan,22134,Yashbardhan Chauhan,22135,Kushagra Ojha,0,0,0,0,0,Null,NotReferred,Null,False,False,False,False,False,True,False,False,True,False,False,False,0,0,0,0,0,False,False,,,,,,,,,,
1650589,45,6.42,12,0,0,289,3,12,76594,,40405,India v Australia U19 1-day 2026 - Men,1,229,India U19 Men,225,Australia U19 Men,8829221,2026-09-21T06:47:57Z,1,274.0,False,22155,Matthew Lough,22135,Kushagra Ojha,22134,Yashbardhan Chauhan,4,0,4,4,0,Null,NotReferred,Null,False,False,False,False,False,True,False,False,True,False,False,False,4,0,0,0,0,True,False,,,,,,,,,,
1650589,45,6.42,12,0,0,289,3,12,76594,,40405,India v Australia U19 1-day 2026 - Men,1,229,India U19 Men,225,Australia U19 Men,8829222,2026-09-21T06:48:12Z,2,275.0,False,22155,Matthew Lough,22135,Kushagra Ojha,22134,Yashbardhan Chauhan,1,0,1,1,0,Null,NotReferred,Null,False,False,False,False,False,True,False,False,True,False,False,False,1,0,0,0,0,False,False,,,,,,,,,,
1650589,45,6.42,12,0,0,289,3,12,76594,,40405,India v Australia U19 1-day 2026 - Men,1,229,India U19 Men,225,Australia U19 Men,8829223,2026-09-21T06:48:33Z,3,276.0,False,22155,Matthew Lough,22134,Yashbardhan Chauhan,22135,Kushagra Ojha,1,0,1,1,0,Null,NotReferred,Null,False,False,False,False,False,True,False,False,True,False,False,False,1,0,0,0,0,False,False,,,,,,,,,,
1650589,45,6.42,12,0,0,289,3,12,76594,,40405,India v Australia U19 1-day 2026 - Men,1,229,India U19 Men,225,Australia U19 Men,8829224,2026-09-21T06:49:12Z,4,277.0,False,22155,Matthew Lough,22135,Kushagra Ojha,22134,Yashbardhan Chauhan,1,0,1,1,0,Null,NotReferred,Null,False,False,False,False,False,True,False,False,True,False,False,False,1,0,0,0,0,False,False,,,,,,,,,,
1650589,45,6.42,12,0,0,289,3,12,76594,,40405,India v Australia U19 1-day 2026 - Men,1,229,India U19 Men,225,Australia U19 Men,8829225,2026-09-21T06:49:29Z,5,278.0,False,22155,Matthew Lough,22134,Yashbardhan Chauhan,22135,Kushagra Ojha,1,0,1,1,0,Null,NotReferred,Null,False,False,False,False,False,True,False,False,True,False,False,False,1,0,0,0,0,False,False,,,,,,,,,,
1650589,45,6.42,12,0,0,289,3,12,76594,,40405,India v Australia U19 1-day 2026 - Men,1,229,India U19 Men,225,Australia U19 Men,8829226,2026-09-21T06:49:58Z,6,6.0,False,22155,Matthew Lough,22135,Kushagra Ojha,22134,Yashbardhan Chauhan,4,0,4,4,0,Null,NotReferred,Null,False,False,False,False,False,True,False,False,True,False,False,False,4,0,0,0,0,True,False,,,,,,,,,,
1650590,46,6.59,14,0,0,303,3,14,76594,,40405,India v Australia U19 1-day 2026 - Men,1,229,India U19 Men,225,Australia U19 Men,8829227,2026-09-21T06:51:48Z,1,280.0,False,22158,Patrick Sullivan,22134,Yashbardhan Chauhan,22135,Kushagra Ojha,1,1,1,0,0,Null,NotReferred,Null,True,False,False,False,False,True,False,False,True,False,False,False,1,0,1,0,0,False,False,,,,,,,,,,
1650590,46,6.59,14,0,0,303,3,14,76594,,40405,India v Australia U19 1-day 2026 - Men,1,229,India U19 Men,225,Australia U19 Men,8829228,2026-09-21T06:53:04Z,1,281.0,False,22158,Patrick Sullivan,22134,Yashbardhan Chauhan,22135,Kushagra Ojha,1,0,1,1,0,Null,NotReferred,Null,False,False,False,False,False,True,False,False,True,False,False,False,1,0,0,0,0,False,False,,,,,,,,,,
1650590,46,6.59,14,0,0,303,3,14,76594,,40405,India v Australia U19 1-day 2026 - Men,1,229,India U19 Men,225,Australia U19 Men,8829229,2026-09-21T06:53:07Z,2,282.0,False,22158,Patrick Sullivan,22135,Kushagra Ojha,22134,Yashbardhan Chauhan,0,0,0,0,0,Null,NotReferred,Null,False,False,False,False,False,True,False,False,True,False,False,False,0,0,0,0,0,False,False,,,,,,,,,,
1650590,46,6.59,14,0,0,303,3,14,76594,,40405,India v Australia U19 1-day 2026 - Men,1,229,India U19 Men,225,Australia U19 Men,8829230,2026-09-21T06:53:31Z,3,283.0,False,22158,Patrick Sullivan,22135,Kushagra Ojha,22134,Yashbardhan Chauhan,6,0,6,6,0,Null,NotReferred,Null,False,False,False,False,False,True,False,False,True,False,False,False,6,0,0,0,0,True,False,,,,,,,,,,
1650590,46,6.59,14,0,0,303,3,14,76594,,40405,India v Australia U19 1-day 2026 - Men,1,229,India U19 Men,225,Australia U19 Men,8829231,2026-09-21T06:53:45Z,4,284.0,False,22158,Patrick Sullivan,22135,Kushagra Ojha,22134,Yashbardhan Chauhan,1,0,1,1,0,Null,NotReferred,Null,False,False,False,False,False,True,False,False,True,False,False,False,1,0,0,0,0,False,False,,,,,,,,,,
1650590,46,6.59,14,0,0,303,3,14,76594,,40405,India v Australia U19 1-day 2026 - Men,1,229,India U19 Men,225,Australia U19 Men,8829232,2026-09-21T06:55:16Z,5,285.0,False,22158,Patrick Sullivan,22134,Yashbardhan Chauhan,22135,Kushagra Ojha,4,0,4,4,0,Null,NotReferred,Null,False,False,False,False,False,True,False,False,True,False,False,False,4,0,0,0,0,True,False,,,,,,,,,,
1650590,46,6.59,14,0,0,303,3,14,76594,,40405,India v Australia U19 1-day 2026 - Men,1,229,India U19 Men,225,Australia U19 Men,8829233,2026-09-21T06:55:31Z,7,6.0,False,22158,Patrick Sullivan,22134,Yashbardhan Chauhan,22135,Kushagra Ojha,1,0,1,1,0,Null,NotReferred,Null,False,False,False,False,False,True,False,False,True,False,False,False,1,0,0,0,0,False,False,,,,,,,,,,
1650591,47,6.74,14,1,0,317,4,14,76594,,40405,India v Australia U19 1-day 2026 - Men,1,229,India U19 Men,225,Australia U19 Men,8829234,2026-09-21T06:57:02Z,1,287.0,False,22147,Thomas Vaseo,22134,Yashbardhan Chauhan,22135,Kushagra Ojha,1,1,1,0,0,Null,NotReferred,Null,True,False,False,False,False,True,False,False,True,False,False,False,1,0,1,0,0,False,False,,,,,,,,,,
1650591,47,6.74,14,1,0,317,4,14,76594,,40405,India v Australia U19 1-day 2026 - Men,1,229,India U19 Men,225,Australia U19 Men,8829235,2026-09-21T06:57:32Z,1,288.0,False,22147,Thomas Vaseo,22134,Yashbardhan Chauhan,22135,Kushagra Ojha,4,0,4,4,0,Null,NotReferred,Null,False,False,False,False,False,True,False,False,True,False,False,False,4,0,0,0,0,True,False,,,,,,,,,,
1650591,47,6.74,14,1,0,317,4,14,76594,,40405,India v Australia U19 1-day 2026 - Men,1,229,India U19 Men,225,Australia U19 Men,8829236,2026-09-21T06:58:03Z,2,289.0,False,22147,Thomas Vaseo,22134,Yashbardhan Chauhan,22135,Kushagra Ojha,4,0,4,4,0,Null,NotReferred,Null,False,False,False,False,False,True,False,False,True,False,False,False,4,0,0,0,0,True,False,,,,,,,,,,
1650591,47,6.74,14,1,0,317,4,14,76594,,40405,India v Australia U19 1-day 2026 - Men,1,229,India U19 Men,225,Australia U19 Men,8829237,2026-09-21T06:58:48Z,3,290.0,False,22147,Thomas Vaseo,22134,Yashbardhan Chauhan,22135,Kushagra Ojha,4,0,4,4,0,Null,NotReferred,Null,False,False,False,False,False,True,False,False,True,False,False,False,4,0,0,0,0,True,False,,,,,,,,,,
1650591,47,6.74,14,1,0,317,4,14,76594,,40405,India v Australia U19 1-day 2026 - Men,1,229,India U19 Men,225,Australia U19 Men,8829238,2026-09-21T06:59:18Z,4,291.0,False,22147,Thomas Vaseo,22134,Yashbardhan Chauhan,22135,Kushagra Ojha,1,0,1,1,0,Null,NotReferred,Null,False,False,False,False,False,True,False,False,True,False,False,False,1,0,0,0,0,False,False,,,,,,,,,,
1650591,47,6.74,14,1,0,317,4,14,76594,,40405,India v Australia U19 1-day 2026 - Men,1,229,India U19 Men,225,Australia U19 Men,8829239,2026-09-21T07:01:17Z,5,292.0,True,22147,Thomas Vaseo,22135,Kushagra Ojha,22134,Yashbardhan Chauhan,0,0,0,0,0,Null,NotReferred,Null,False,False,False,False,False,True,False,False,True,False,False,False,0,0,0,0,0,False,False,Caught,22135.0,Kushagra Ojha,Caught,Caught,,,,,
1650591,47,6.74,14,1,0,317,4,14,76594,,40405,India v Australia U19 1-day 2026 - Men,1,229,India U19 Men,225,Australia U19 Men,8829240,2026-09-21T07:02:05Z,6,293.0,False,22147,Thomas Vaseo,22131,Anvay Dravid,22134,Yashbardhan Chauhan,0,0,0,0,0,Null,NotReferred,Null,False,False,False,False,False,True,False,False,True,False,False,False,0,0,0,0,0,False,False,,,,,,,,,,
1650592,48,6.81,10,0,0,327,4,10,76594,,40405,India v Australia U19 1-day 2026 - Men,1,229,India U19 Men,225,Australia U19 Men,8829241,2026-09-21T07:03:21Z,1,294.0,False,22158,Patrick Sullivan,22134,Yashbardhan Chauhan,22131,Anvay Dravid,0,1,1,0,0,Null,NotReferred,Null,False,False,False,True,False,True,False,False,True,False,False,False,1,0,0,1,0,False,False,,,,,,,,,,
1650592,48,6.81,10,0,0,327,4,10,76594,,40405,India v Australia U19 1-day 2026 - Men,1,229,India U19 Men,225,Australia U19 Men,8829242,2026-09-21T07:04:27Z,2,295.0,False,22158,Patrick Sullivan,22131,Anvay Dravid,22134,Yashbardhan Chauhan,1,0,1,1,0,Null,NotReferred,Null,False,False,False,False,False,True,False,False,True,False,False,False,1,0,0,0,0,False,False,,,,,,,,,,
1650592,48,6.81,10,0,0,327,4,10,76594,,40405,India v Australia U19 1-day 2026 - Men,1,229,India U19 Men,225,Australia U19 Men,8829243,2026-09-21T07:04:52Z,3,296.0,False,22158,Patrick Sullivan,22134,Yashbardhan Chauhan,22131,Anvay Dravid,1,0,1,1,0,Null,NotReferred,Null,False,False,False,False,False,True,False,False,True,False,False,False,1,0,0,0,0,False,False,,,,,,,,,,
1650592,48,6.81,10,0,0,327,4,10,76594,,40405,India v Australia U19 1-day 2026 - Men,1,229,India U19 Men,225,Australia U19 Men,8829244,2026-09-21T07:05:19Z,4,297.0,False,22158,Patrick Sullivan,22131,Anvay Dravid,22134,Yashbardhan Chauhan,3,3,3,0,0,Null,NotReferred,Null,True,False,False,False,False,True,False,False,True,False,False,False,3,0,3,0,0,False,False,,,,,,,,,,
1650592,48,6.81,10,0,0,327,4,10,76594,,40405,India v Australia U19 1-day 2026 - Men,1,229,India U19 Men,225,Australia U19 Men,8829245,2026-09-21T07:06:36Z,4,298.0,False,22158,Patrick Sullivan,22131,Anvay Dravid,22134,Yashbardhan Chauhan,1,0,1,1,0,Null,NotReferred,Null,False,False,False,False,False,True,False,False,True,False,False,False,1,0,0,0,0,False,False,,,,,,,,,,
1650592,48,6.81,10,0,0,327,4,10,76594,,40405,India v Australia U19 1-day 2026 - Men,1,229,India U19 Men,225,Australia U19 Men,8829246,2026-09-21T07:06:39Z,5,299.0,False,22158,Patrick Sullivan,22134,Yashbardhan Chauhan,22131,Anvay Dravid,2,0,2,2,0,Null,NotReferred,Null,False,False,False,False,False,True,False,False,True,False,False,False,2,0,0,0,0,False,False,,,,,,,,,,
1650592,48,6.81,10,0,0,327,4,10,76594,,40405,India v Australia U19 1-day 2026 - Men,1,229,India U19 Men,225,Australia U19 Men,8829247,2026-09-21T07:07:23Z,6,300.0,False,22158,Patrick Sullivan,22134,Yashbardhan Chauhan,22131,Anvay Dravid,1,0,1,1,0,Null,NotReferred,Null,False,False,False,False,False,True,False,False,True,False,False,False,1,0,0,0,0,False,False,,,,,,,,,,
1650593,49,6.86,9,1,0,336,5,9,76594,,40405,India v Australia U19 1-day 2026 - Men,1,229,India U19 Men,225,Australia U19 Men,8829248,2026-09-21T07:08:37Z,1,301.0,False,22147,Thomas Vaseo,22134,Yashbardhan Chauhan,22131,Anvay Dravid,1,1,1,0,0,Null,NotReferred,Null,True,False,False,False,False,True,False,False,True,False,False,False,1,0,1,0,0,False,False,,,,,,,,,,
1650593,49,6.86,9,1,0,336,5,9,76594,,40405,India v Australia U19 1-day 2026 - Men,1,229,India U19 Men,225,Australia U19 Men,8829249,2026-09-21T07:09:09Z,1,302.0,False,22147,Thomas Vaseo,22134,Yashbardhan Chauhan,22131,Anvay Dravid,1,0,1,1,0,Null,NotReferred,Null,False,False,False,False,False,True,False,False,True,False,False,False,1,0,0,0,0,False,False,,,,,,,,,,
1650593,49,6.86,9,1,0,336,5,9,76594,,40405,India v Australia U19 1-day 2026 - Men,1,229,India U19 Men,225,Australia U19 Men,8829250,2026-09-21T07:11:26Z,2,303.0,False,22147,Thomas Vaseo,22131,Anvay Dravid,22134,Yashbardhan Chauhan,4,0,4,4,0,Null,NotReferred,Null,False,False,False,False,False,True,False,False,True,False,False,False,4,0,0,0,0,True,False,,,,,,,,,,
1650593,49,6.86,9,1,0,336,5,9,76594,,40405,India v Australia U19 1-day 2026 - Men,1,229,India U19 Men,225,Australia U19 Men,8829251,2026-09-21T07:12:57Z,3,304.0,False,22147,Thomas Vaseo,22131,Anvay Dravid,22134,Yashbardhan Chauhan,1,0,1,1,0,Null,NotReferred,Null,False,False,False,False,False,True,False,False,True,False,False,False,1,0,0,0,0,False,False,,,,,,,,,,
1650593,49,6.86,9,1,0,336,5,9,76594,,40405,India v Australia U19 1-day 2026 - Men,1,229,India U19 Men,225,Australia U19 Men,8829252,2026-09-21T07:14:05Z,4,305.0,True,22147,Thomas Vaseo,22134,Yashbardhan Chauhan,22131,Anvay Dravid,0,0,0,0,0,Null,NotReferred,Null,False,False,False,False,False,True,False,False,True,False,False,False,0,0,0,0,0,False,False,Caught,22134.0,Yashbardhan Chauhan,Caught,Caught,,,,,
1650593,49,6.86,9,1,0,336,5,9,76594,,40405,India v Australia U19 1-day 2026 - Men,1,229,India U19 Men,225,Australia U19 Men,8829253,2026-09-21T07:15:41Z,5,306.0,False,22147,Thomas Vaseo,22136,Manal Chauhan,22131,Anvay Dravid,1,0,1,1,0,Null,NotReferred,Null,False,False,False,False,False,True,False,False,True,False,False,False,1,0,0,0,0,False,False,,,,,,,,,,
1650593,49,6.86,9,1,0,336,5,9,76594,,40405,India v Australia U19 1-day 2026 - Men,1,229,India U19 Men,225,Australia U19 Men,8829254,2026-09-21T07:15:45Z,6,307.0,False,22147,Thomas Vaseo,22131,Anvay Dravid,22136,Manal Chauhan,1,0,1,1,0,Null,NotReferred,Null,False,False,False,False,False,True,False,False,True,False,False,False,1,0,0,0,0,False,False,,,,,,,,,,
1650594,50,6.82,5,2,0,341,7,5,76594,,40405,India v Australia U19 1-day 2026 - Men,1,229,India U19 Men,225,Australia U19 Men,8829255,2026-09-21T07:16:13Z,1,308.0,False,22158,Patrick Sullivan,22131,Anvay Dravid,22136,Manal Chauhan,1,0,1,1,0,Null,NotReferred,Null,False,False,False,False,False,True,False,False,True,False,False,False,1,0,0,0,0,False,False,,,,,,,,,,
1650594,50,6.82,5,2,0,341,7,5,76594,,40405,India v Australia U19 1-day 2026 - Men,1,229,India U19 Men,225,Australia U19 Men,8829256,2026-09-21T07:18:01Z,2,309.0,True,22158,Patrick Sullivan,22136,Manal Chauhan,22131,Anvay Dravid,0,0,0,0,0,Null,NotReferred,Null,False,False,False,False,False,True,False,False,True,False,False,False,0,0,0,0,0,False,False,Caught,22136.0,Manal Chauhan,Caught,Caught,,,,,
1650594,50,6.82,5,2,0,341,7,5,76594,,40405,India v Australia U19 1-day 2026 - Men,1,229,India U19 Men,225,Australia U19 Men,8829257,2026-09-21T07:19:01Z,3,310.0,False,22158,Patrick Sullivan,22137,V Yashveer,22131,Anvay Dravid,2,0,2,2,0,Null,NotReferred,Null,False,False,False,False,False,True,False,False,True,False,False,False,2,0,0,0,0,False,False,,,,,,,,,,
1650594,50,6.82,5,2,0,341,7,5,76594,,40405,India v Australia U19 1-day 2026 - Men,1,229,India U19 Men,225,Australia U19 Men,8829258,2026-09-21T07:19:31Z,4,311.0,False,22158,Patrick Sullivan,22137,V Yashveer,22131,Anvay Dravid,0,1,1,0,0,Null,NotReferred,Null,False,False,False,True,False,True,False,False,True,False,False,False,1,0,0,1,0,False,False,,,,,,,,,,
1650594,50,6.82,5,2,0,341,7,5,76594,,40405,India v Australia U19 1-day 2026 - Men,1,229,India U19 Men,225,Australia U19 Men,8829259,2026-09-21T07:21:02Z,5,312.0,True,22158,Patrick Sullivan,22131,Anvay Dravid,22137,V Yashveer,0,0,0,0,0,Null,NotReferred,Null,False,False,False,False,False,True,False,False,True,False,False,False,0,0,0,0,0,False,False,Caught,22131.0,Anvay Dravid,Caught,Caught,,,,,
1650594,50,6.82,5,2,0,341,7,5,76594,,40405,India v Australia U19 1-day 2026 - Men,1,229,India U19 Men,225,Australia U19 Men,8829260,2026-09-21T07:21:32Z,6,313.0,False,22158,Patrick Sullivan,22138,Chigurupati Venkata,22137,V Yashveer,1,0,1,1,0,Null,NotReferred,Null,False,False,False,False,False,True,False,False,True,False,False,False,1,0,0,0,0,False,False,,,,,,,,,,
1650596,2,7.5,8,1,0,15,1,8,76595,,40405,India v Australia U19 1-day 2026 - Men,2,225,Australia U19 Men,229,India U19 Men,8829268,2026-09-21T07:58:22Z,1,8.0,True,22138,Chigurupati Venkata,22143,Neel Patel,22144,Hayden Barbulovic,0,0,0,0,0,Null,NotReferred,Null,False,False,False,False,False,True,False,False,True,False,False,False,0,0,0,0,0,False,False,Lbw,22143.0,Neel Patel,LBW,Lbw,,,,,
1650596,2,7.5,8,1,0,15,1,8,76595,,40405,India v Australia U19 1-day 2026 - Men,2,225,Australia U19 Men,229,India U19 Men,8829269,2026-09-21T07:59:45Z,2,9.0,False,22138,Chigurupati Venkata,22155,Matthew Lough,22144,Hayden Barbulovic,4,0,4,4,0,Null,NotReferred,Null,False,False,False,False,False,True,False,False,True,False,False,False,4,0,0,0,0,True,False,,,,,,,,,,
1650596,2,7.5,8,1,0,15,1,8,76595,,40405,India v Australia U19 1-day 2026 - Men,2,225,Australia U19 Men,229,India U19 Men,8829270,2026-09-21T08:00:10Z,3,10.0,False,22138,Chigurupati Venkata,22155,Matthew Lough,22144,Hayden Barbulovic,0,0,0,0,0,Null,NotReferred,Null,False,False,False,False,False,True,False,False,True,False,False,False,0,0,0,0,0,False,False,,,,,,,,,,
1650596,2,7.5,8,1,0,15,1,8,76595,,40405,India v Australia U19 1-day 2026 - Men,2,225,Australia U19 Men,229,India U19 Men,8829271,2026-09-21T08:00:42Z,4,11.0,False,22138,Chigurupati Venkata,22155,Matthew Lough,22144,Hayden Barbulovic,0,0,0,0,0,Null,NotReferred,Null,False,False,False,False,False,True,False,False,True,False,False,False,0,0,0,0,0,False,False,,,,,,,,,,
1650596,2,7.5,8,1,0,15,1,8,76595,,40405,India v Australia U19 1-day 2026 - Men,2,225,Australia U19 Men,229,India U19 Men,8829272,2026-09-21T08:01:25Z,5,12.0,False,22138,Chigurupati Venkata,22155,Matthew Lough,22144,Hayden Barbulovic,0,0,0,0,0,Null,NotReferred,Null,False,False,False,False,False,True,False,False,True,False,False,False,0,0,0,0,0,False,False,,,,,,,,,,
1650596,2,7.5,8,1,0,15,1,8,76595,,40405,India v Australia U19 1-day 2026 - Men,2,225,Australia U19 Men,229,India U19 Men,8829273,2026-09-21T08:01:53Z,6,13.0,False,22138,Chigurupati Venkata,22155,Matthew Lough,22144,Hayden Barbulovic,4,0,4,4,0,Null,NotReferred,Null,False,False,False,False,False,True,False,False,True,False,False,False,4,0,0,0,0,True,False,,,,,,,,,,
1650597,3,5.0,0,0,0,15,1,0,76595,,40405,India v Australia U19 1-day 2026 - Men,2,225,Australia U19 Men,229,India U19 Men,8829274,2026-09-21T08:02:42Z,1,14.0,False,22140,Mohit Ulva,22144,Hayden Barbulovic,22155,Matthew Lough,0,0,0,0,0,Null,NotReferred,Null,False,False,False,False,False,True,False,False,True,False,False,False,0,0,0,0,0,False,False,,,,,,,,,,
1650597,3,5.0,0,0,0,15,1,0,76595,,40405,India v Australia U19 1-day 2026 - Men,2,225,Australia U19 Men,229,India U19 Men,8829275,2026-09-21T08:03:28Z,2,15.0,False,22140,Mohit Ulva,22144,Hayden Barbulovic,22155,Matthew Lough,0,0,0,0,0,Null,NotReferred,Null,False,False,False,False,False,True,False,False,True,False,False,False,0,0,0,0,0,False,False,,,,,,,,,,
1650597,3,5.0,0,0,0,15,1,0,76595,,40405,India v Australia U19 1-day 2026 - Men,2,225,Australia U19 Men,229,India U19 Men,8829276,2026-09-21T08:04:12Z,3,16.0,False,22140,Mohit Ulva,22144,Hayden Barbulovic,22155,Matthew Lough,0,0,0,0,0,Null,NotReferred,Null,False,False,False,False,False,True,False,False,True,False,False,False,0,0,0,0,0,False,False,,,,,,,,,,
1650597,3,5.0,0,0,0,15,1,0,76595,,40405,India v Australia U19 1-day 2026 - Men,2,225,Australia U19 Men,229,India U19 Men,8829277,2026-09-21T08:04:43Z,4,17.0,False,22140,Mohit Ulva,22144,Hayden Barbulovic,22155,Matthew Lough,0,0,0,0,0,Null,NotReferred,Null,False,False,False,False,False,True,False,False,True,False,False,False,0,0,0,0,0,False,False,,,,,,,,,,
1650597,3,5.0,0,0,0,15,1,0,76595,,40405,India v Australia U19 1-day 2026 - Men,2,225,Australia U19 Men,229,India U19 Men,8829278,2026-09-21T08:05:29Z,5,18.0,False,22140,Mohit Ulva,22144,Hayden Barbulovic,22155,Matthew Lough,0,0,0,0,0,Null,NotReferred,Null,False,False,False,False,False,True,False,False,True,False,False,False,0,0,0,0,0,False,False,,,,,,,,,,
1650597,3,5.0,0,0,0,15,1,0,76595,,40405,India v Australia U19 1-day 2026 - Men,2,225,Australia U19 Men,229,India U19 Men,8829279,2026-09-21T08:05:56Z,6,19.0,False,22140,Mohit Ulva,22144,Hayden Barbulovic,22155,Matthew Lough,0,0,0,0,0,Null,NotReferred,Null,False,False,False,False,False,True,False,False,True,False,False,False,0,0,0,0,0,False,False,,,,,,,,,,
1650598,4,4.75,4,0,0,19,1,4,76595,,40405,India v Australia U19 1-day 2026 - Men,2,225,Australia U19 Men,229,India U19 Men,8829280,2026-09-21T08:07:00Z,1,20.0,False,22138,Chigurupati Venkata,22155,Matthew Lough,22144,Hayden Barbulovic,0,0,0,0,0,Null,NotReferred,Null,False,False,False,False,False,True,False,False,True,False,False,False,0,0,0,0,0,False,False,,,,,,,,,,
1650598,4,4.75,4,0,0,19,1,4,76595,,40405,India v Australia U19 1-day 2026 - Men,2,225,Australia U19 Men,229,India U19 Men,8829281,2026-09-21T08:07:30Z,2,21.0,False,22138,Chigurupati Venkata,22155,Matthew Lough,22144,Hayden Barbulovic,0,0,0,0,0,Null,NotReferred,Null,False,False,False,False,False,True,False,False,True,False,False,False,0,0,0,0,0,False,False,,,,,,,,,,
1650598,4,4.75,4,0,0,19,1,4,76595,,40405,India v Australia U19 1-day 2026 - Men,2,225,Australia U19 Men,229,India U19 Men,8829282,2026-09-21T08:07:59Z,3,22.0,False,22138,Chigurupati Venkata,22155,Matthew Lough,22144,Hayden Barbulovic,0,0,0,0,0,Null,NotReferred,Null,False,False,False,False,False,True,False,False,True,False,False,False,0,0,0,0,0,False,False,,,,,,,,,,
1650598,4,4.75,4,0,0,19,1,4,76595,,40405,India v Australia U19 1-day 2026 - Men,2,225,Australia U19 Men,229,India U19 Men,8829283,2026-09-21T08:08:47Z,4,23.0,False,22138,Chigurupati Venkata,22155,Matthew Lough,22144,Hayden Barbulovic,4,0,4,4,0,Null,NotReferred,Null,False,False,False,False,False,True,False,False,True,False,False,False,4,0,0,0,0,True,False,,,,,,,,,,
1650598,4,4.75,4,0,0,19,1,4,76595,,40405,India v Australia U19 1-day 2026 - Men,2,225,Australia U19 Men,229,India U19 Men,8829284,2026-09-21T08:09:02Z,5,24.0,False,22138,Chigurupati Venkata,22155,Matthew Lough,22144,Hayden Barbulovic,0,0,0,0,0,Null,NotReferred,Null,False,False,False,False,False,True,False,False,True,False,False,False,0,0,0,0,0,False,False,,,,,,,,,,
1650598,4,4.75,4,0,0,19,1,4,76595,,40405,India v Australia U19 1-day 2026 - Men,2,225,Australia U19 Men,229,India U19 Men,8829285,2026-09-21T08:09:47Z,6,25.0,False,22138,Chigurupati Venkata,22155,Matthew Lough,22144,Hayden Barbulovic,0,0,0,0,0,Null,NotReferred,Null,False,False,False,False,False,True,False,False,True,False,False,False,0,0,0,0,0,False,False,,,,,,,,,,
1650599,5,5.8,10,1,0,29,2,10,76595,,40405,India v Australia U19 1-day 2026 - Men,2,225,Australia U19 Men,229,India U19 Men,8829286,2026-09-21T08:10:32Z,1,26.0,False,22140,Mohit Ulva,22144,Hayden Barbulovic,22155,Matthew Lough,0,0,0,0,0,Null,NotReferred,Null,False,False,False,False,False,True,False,False,True,False,False,False,0,0,0,0,0,False,False,,,,,,,,,,
1650599,5,5.8,10,1,0,29,2,10,76595,,40405,India v Australia U19 1-day 2026 - Men,2,225,Australia U19 Men,229,India U19 Men,8829287,2026-09-21T08:11:17Z,2,27.0,False,22140,Mohit Ulva,22144,Hayden Barbulovic,22155,Matthew Lough,4,0,4,4,0,Null,NotReferred,Null,False,False,False,False,False,True,False,False,True,False,False,False,4,0,0,0,0,True,False,,,,,,,,,,
1650599,5,5.8,10,1,0,29,2,10,76595,,40405,India v Australia U19 1-day 2026 - Men,2,225,Australia U19 Men,229,India U19 Men,8829288,2026-09-21T08:11:47Z,3,28.0,False,22140,Mohit Ulva,22144,Hayden Barbulovic,22155,Matthew Lough,4,0,4,4,0,Null,NotReferred,Null,False,False,False,False,False,True,False,False,True,False,False,False,4,0,0,0,0,True,False,,,,,,,,,,
1650599,5,5.8,10,1,0,29,2,10,76595,,40405,India v Australia U19 1-day 2026 - Men,2,225,Australia U19 Men,229,India U19 Men,8829289,2026-09-21T08:12:34Z,4,29.0,False,22140,Mohit Ulva,22144,Hayden Barbulovic,22155,Matthew Lough,2,0,2,2,0,Null,NotReferred,Null,False,False,False,False,False,True,False,False,True,False,False,False,2,0,0,0,0,False,False,,,,,,,,,,
1650599,5,5.8,10,1,0,29,2,10,76595,,40405,India v Australia U19 1-day 2026 - Men,2,225,Australia U19 Men,229,India U19 Men,8829290,2026-09-21T08:13:04Z,5,30.0,False,22140,Mohit Ulva,22144,Hayden Barbulovic,22155,Matthew Lough,0,0,0,0,0,Null,NotReferred,Null,False,False,False,False,False,True,False,False,True,False,False,False,0,0,0,0,0,False,False,,,,,,,,,,
1650599,5,5.8,10,1,0,29,2,10,76595,,40405,India v Australia U19 1-day 2026 - Men,2,225,Australia U19 Men,229,India U19 Men,8829291,2026-09-21T08:14:35Z,6,31.0,True,22140,Mohit Ulva,22144,Hayden Barbulovic,22155,Matthew Lough,0,0,0,0,0,Null,NotReferred,Null,False,False,False,False,False,True,False,False,True,False,False,False,0,0,0,0,0,False,False,Caught,22144.0,Hayden Barbulovic,Caught,Caught,,,,,
1650600,6,6.83,12,0,0,41,2,12,76595,,40405,India v Australia U19 1-day 2026 - Men,2,225,Australia U19 Men,229,India U19 Men,8829292,2026-09-21T08:15:42Z,1,32.0,False,22138,Chigurupati Venkata,22155,Matthew Lough,22141,Jack Czosnek,4,0,4,4,0,Null,NotReferred,Null,False,False,False,False,False,True,False,False,True,False,False,False,4,0,0,0,0,True,False,,,,,,,,,,
1650600,6,6.83,12,0,0,41,2,12,76595,,40405,India v Australia U19 1-day 2026 - Men,2,225,Australia U19 Men,229,India U19 Men,8829293,2026-09-21T08:16:05Z,2,33.0,False,22138,Chigurupati Venkata,22155,Matthew Lough,22141,Jack Czosnek,0,0,0,0,0,Null,NotReferred,Null,False,False,False,False,False,True,False,False,True,False,False,False,0,0,0,0,0,False,False,,,,,,,,,,
1650600,6,6.83,12,0,0,41,2,12,76595,,40405,India v Australia U19 1-day 2026 - Men,2,225,Australia U19 Men,229,India U19 Men,8829294,2026-09-21T08:16:48Z,3,34.0,False,22138,Chigurupati Venkata,22155,Matthew Lough,22141,Jack Czosnek,0,0,0,0,0,Null,NotReferred,Null,False,False,False,False,False,True,False,False,True,False,False,False,0,0,0,0,0,False,False,,,,,,,,,,
1650600,6,6.83,12,0,0,41,2,12,76595,,40405,India v Australia U19 1-day 2026 - Men,2,225,Australia U19 Men,229,India U19 Men,8829295,2026-09-21T08:17:37Z,4,35.0,False,22138,Chigurupati Venkata,22155,Matthew Lough,22141,Jack Czosnek,4,0,4,4,0,Null,NotReferred,Null,False,False,False,False,False,True,False,False,True,False,False,False,4,0,0,0,0,True,False,,,,,,,,,,
1650600,6,6.83,12,0,0,41,2,12,76595,,40405,India v Australia U19 1-day 2026 - Men,2,225,Australia U19 Men,229,India U19 Men,8829296,2026-09-21T08:18:40Z,5,36.0,False,22138,Chigurupati Venkata,22155,Matthew Lough,22141,Jack Czosnek,4,0,4,4,0,Null,NotReferred,Null,False,False,False,False,False,True,False,False,True,False,False,False,4,0,0,0,0,True,False,,,,,,,,,,
1650600,6,6.83,12,0,0,41,2,12,76595,,40405,India v Australia U19 1-day 2026 - Men,2,225,Australia U19 Men,229,India U19 Men,8829297,2026-09-21T08:18:52Z,6,37.0,False,22138,Chigurupati Venkata,22155,Matthew Lough,22141,Jack Czosnek,0,0,0,0,0,Null,NotReferred,Null,False,False,False,False,False,True,False,False,True,False,False,False,0,0,0,0,0,False,False,,,,,,,,,,
1650601,7,5.86,0,0,0,41,2,0,76595,,40405,India v Australia U19 1-day 2026 - Men,2,225,Australia U19 Men,229,India U19 Men,8829298,2026-09-21T08:19:34Z,1,38.0,False,22140,Mohit Ulva,22141,Jack Czosnek,22155,Matthew Lough,0,0,0,0,0,Null,NotReferred,Null,False,False,False,False,False,True,False,False,True,False,False,False,0,0,0,0,0,False,False,,,,,,,,,,
1650601,7,5.86,0,0,0,41,2,0,76595,,40405,India v Australia U19 1-day 2026 - Men,2,225,Australia U19 Men,229,India U19 Men,8829299,2026-09-21T08:20:24Z,2,39.0,False,22140,Mohit Ulva,22141,Jack Czosnek,22155,Matthew Lough,0,0,0,0,0,Null,NotReferred,Null,False,False,False,False,False,True,False,False,True,False,False,False,0,0,0,0,0,False,False,,,,,,,,,,
1650601,7,5.86,0,0,0,41,2,0,76595,,40405,India v Australia U19 1-day 2026 - Men,2,225,Australia U19 Men,229,India U19 Men,8829300,2026-09-21T08:21:49Z,3,40.0,False,22140,Mohit Ulva,22141,Jack Czosnek,22155,Matthew Lough,0,0,0,0,0,Null,NotReferred,Null,False,False,False,False,False,True,False,False,True,False,False,False,0,0,0,0,0,False,False,,,,,,,,,,
1650601,7,5.86,0,0,0,41,2,0,76595,,40405,India v Australia U19 1-day 2026 - Men,2,225,Australia U19 Men,229,India U19 Men,8829301,2026-09-21T08:21:52Z,4,41.0,False,22140,Mohit Ulva,22141,Jack Czosnek,22155,Matthew Lough,0,0,0,0,0,Null,NotReferred,Null,False,False,False,False,False,True,False,False,True,False,False,False,0,0,0,0,0,False,False,,,,,,,,,,
1650601,7,5.86,0,0,0,41,2,0,76595,,40405,India v Australia U19 1-day 2026 - Men,2,225,Australia U19 Men,229,India U19 Men,8829302,2026-09-21T08:22:10Z,5,42.0,False,22140,Mohit Ulva,22141,Jack Czosnek,22155,Matthew Lough,0,0,0,0,0,Null,NotReferred,Null,False,False,False,False,False,True,False,False,True,False,False,False,0,0,0,0,0,False,False,,,,,,,,,,
1650601,7,5.86,0,0,0,41,2,0,76595,,40405,India v Australia U19 1-day 2026 - Men,2,225,Australia U19 Men,229,India U19 Men,8829303,2026-09-21T08:22:39Z,6,43.0,False,22140,Mohit Ulva,22141,Jack Czosnek,22155,Matthew Lough,0,0,0,0,0,Null,NotReferred,Null,False,False,False,False,False,True,False,False,True,False,False,False,0,0,0,0,0,False,False,,,,,,,,,,
1650602,8,6.12,8,0,0,49,2,8,76595,,40405,India v Australia U19 1-day 2026 - Men,2,225,Australia U19 Men,229,India U19 Men,8829304,2026-09-21T08:24:45Z,1,44.0,False,22138,Chigurupati Venkata,22155,Matthew Lough,22141,Jack Czosnek,0,0,0,0,0,Null,NotReferred,Null,False,False,False,False,False,True,False,False,True,False,False,False,0,0,0,0,0,False,False,,,,,,,,,,
1650602,8,6.12,8,0,0,49,2,8,76595,,40405,India v Australia U19 1-day 2026 - Men,2,225,Australia U19 Men,229,India U19 Men,8829305,2026-09-21T08:24:48Z,2,45.0,False,22138,Chigurupati Venkata,22155,Matthew Lough,22141,Jack Czosnek,0,0,0,0,0,Null,NotReferred,Null,False,False,False,False,False,True,False,False,True,False,False,False,0,0,0,0,0,False,False,,,,,,,,,,
1650602,8,6.12,8,0,0,49,2,8,76595,,40405,India v Australia U19 1-day 2026 - Men,2,225,Australia U19 Men,229,India U19 Men,8829306,2026-09-21T08:24:51Z,3,46.0,False,22138,Chigurupati Venkata,22155,Matthew Lough,22141,Jack Czosnek,0,0,0,0,0,Null,NotReferred,Null,False,False,False,False,False,True,False,False,True,False,False,False,0,0,0,0,0,False,False,,,,,,,,,,
1650602,8,6.12,8,0,0,49,2,8,76595,,40405,India v Australia U19 1-day 2026 - Men,2,225,Australia U19 Men,229,India U19 Men,8829307,2026-09-21T08:25:26Z,4,47.0,False,22138,Chigurupati Venkata,22155,Matthew Lough,22141,Jack Czosnek,4,0,4,4,0,Null,NotReferred,Null,False,False,False,False,False,True,False,False,True,False,False,False,4,0,0,0,0,True,False,,,,,,,,,,
1650602,8,6.12,8,0,0,49,2,8,76595,,40405,India v Australia U19 1-day 2026 - Men,2,225,Australia U19 Men,229,India U19 Men,8829308,2026-09-21T08:26:12Z,5,48.0,False,22138,Chigurupati Venkata,22155,Matthew Lough,22141,Jack Czosnek,4,0,4,4,0,Null,NotReferred,Null,False,False,False,False,False,True,False,False,True,False,False,False,4,0,0,0,0,True,False,,,,,,,,,,
1650602,8,6.12,8,0,0,49,2,8,76595,,40405,India v Australia U19 1-day 2026 - Men,2,225,Australia U19 Men,229,India U19 Men,8829309,2026-09-21T08:26:42Z,6,49.0,False,22138,Chigurupati Venkata,22155,Matthew Lough,22141,Jack Czosnek,0,0,0,0,0,Null,NotReferred,Null,False,False,False,False,False,True,False,False,True,False,False,False,0,0,0,0,0,False,False,,,,,,,,,,
1650603,9,5.56,1,0,0,50,2,1,76595,,40405,India v Australia U19 1-day 2026 - Men,2,225,Australia U19 Men,229,India U19 Men,8829310,2026-09-21T08:27:27Z,1,50.0,False,22140,Mohit Ulva,22141,Jack Czosnek,22155,Matthew Lough,0,0,0,0,0,Null,NotReferred,Null,False,False,False,False,False,True,False,False,True,False,False,False,0,0,0,0,0,False,False,,,,,,,,,,
1650603,9,5.56,1,0,0,50,2,1,76595,,40405,India v Australia U19 1-day 2026 - Men,2,225,Australia U19 Men,229,India U19 Men,8829311,2026-09-21T08:28:10Z,2,51.0,False,22140,Mohit Ulva,22141,Jack Czosnek,22155,Matthew Lough,1,0,1,1,0,Null,NotReferred,Null,False,False,False,False,False,True,False,False,True,False,False,False,1,0,0,0,0,False,False,,,,,,,,,,
1650603,9,5.56,1,0,0,50,2,1,76595,,40405,India v Australia U19 1-day 2026 - Men,2,225,Australia U19 Men,229,India U19 Men,8829312,2026-09-21T08:28:43Z,3,52.0,False,22140,Mohit Ulva,22155,Matthew Lough,22141,Jack Czosnek,0,0,0,0,0,Null,NotReferred,Null,False,False,False,False,False,True,False,False,True,False,False,False,0,0,0,0,0,False,False,,,,,,,,,,
1650603,9,5.56,1,0,0,50,2,1,76595,,40405,India v Australia U19 1-day 2026 - Men,2,225,Australia U19 Men,229,India U19 Men,8829313,2026-09-21T08:30:11Z,4,53.0,False,22140,Mohit Ulva,22155,Matthew Lough,22141,Jack Czosnek,0,0,0,0,0,Null,NotReferred,Null,False,False,False,False,False,True,False,False,True,False,False,False,0,0,0,0,0,False,False,,,,,,,,,,
1650603,9,5.56,1,0,0,50,2,1,76595,,40405,India v Australia U19 1-day 2026 - Men,2,225,Australia U19 Men,229,India U19 Men,8829314,2026-09-21T08:30:14Z,5,54.0,False,22140,Mohit Ulva,22155,Matthew Lough,22141,Jack Czosnek,0,0,0,0,0,Null,NotReferred,Null,False,False,False,False,False,True,False,False,True,False,False,False,0,0,0,0,0,False,False,,,,,,,,,,
1650603,9,5.56,1,0,0,50,2,1,76595,,40405,India v Australia U19 1-day 2026 - Men,2,225,Australia U19 Men,229,India U19 Men,8829315,2026-09-21T08:31:39Z,6,55.0,False,22140,Mohit Ulva,22155,Matthew Lough,22141,Jack Czosnek,0,0,0,0,0,Null,NotReferred,Null,False,False,False,False,False,True,False,False,True,False,False,False,0,0,0,0,0,False,False,,,,,,,,,,
1650604,10,5.9,9,0,0,59,2,9,76595,,40405,India v Australia U19 1-day 2026 - Men,2,225,Australia U19 Men,229,India U19 Men,8829316,2026-09-21T08:33:37Z,1,56.0,False,22136,Manal Chauhan,22141,Jack Czosnek,22155,Matthew Lough,4,0,4,4,0,Null,NotReferred,Null,False,False,False,False,False,True,False,False,True,False,False,False,4,0,0,0,0,True,False,,,,,,,,,,
1650604,10,5.9,9,0,0,59,2,9,76595,,40405,India v Australia U19 1-day 2026 - Men,2,225,Australia U19 Men,229,India U19 Men,8829317,2026-09-21T08:33:40Z,2,57.0,False,22136,Manal Chauhan,22141,Jack Czosnek,22155,Matthew Lough,0,0,0,0,0,Null,NotReferred,Null,False,False,False,False,False,True,False,False,True,False,False,False,0,0,0,0,0,False,False,,,,,,,,,,
1650604,10,5.9,9,0,0,59,2,9,76595,,40405,India v Australia U19 1-day 2026 - Men,2,225,Australia U19 Men,229,India U19 Men,8829318,2026-09-21T08:33:43Z,3,58.0,False,22136,Manal Chauhan,22141,Jack Czosnek,22155,Matthew Lough,0,0,0,0,0,Null,NotReferred,Null,False,False,False,False,False,True,False,False,True,False,False,False,0,0,0,0,0,False,False,,,,,,,,,,
1650604,10,5.9,9,0,0,59,2,9,76595,,40405,India v Australia U19 1-day 2026 - Men,2,225,Australia U19 Men,229,India U19 Men,8829319,2026-09-21T08:33:54Z,4,59.0,False,22136,Manal Chauhan,22141,Jack Czosnek,22155,Matthew Lough,1,0,1,1,0,Null,NotReferred,Null,False,False,False,False,False,True,False,False,True,False,False,False,1,0,0,0,0,False,False,,,,,,,,,,
1650604,10,5.9,9,0,0,59,2,9,76595,,40405,India v Australia U19 1-day 2026 - Men,2,225,Australia U19 Men,229,India U19 Men,8829320,2026-09-21T08:34:01Z,5,60.0,False,22136,Manal Chauhan,22155,Matthew Lough,22141,Jack Czosnek,0,0,0,0,0,Null,NotReferred,Null,False,False,False,False,False,True,False,False,True,False,False,False,0,0,0,0,0,False,False,,,,,,,,,,
1650604,10,5.9,9,0,0,59,2,9,76595,,40405,India v Australia U19 1-day 2026 - Men,2,225,Australia U19 Men,229,India U19 Men,8829321,2026-09-21T08:34:14Z,6,61.0,False,22136,Manal Chauhan,22155,Matthew Lough,22141,Jack Czosnek,4,0,4,4,0,Null,NotReferred,Null,False,False,False,False,False,True,False,False,True,False,False,False,4,0,0,0,0,True,False,,,,,,,,,,
1650605,11,5.82,5,0,0,64,2,5,76595,,40405,India v Australia U19 1-day 2026 - Men,2,225,Australia U19 Men,229,India U19 Men,8829322,2026-09-21T08:35:48Z,1,62.0,False,22154,Kavya Patel,22141,Jack Czosnek,22155,Matthew Lough,0,0,0,0,0,Null,NotReferred,Null,False,False,False,False,False,True,False,False,True,False,False,False,0,0,0,0,0,False,False,,,,,,,,,,
1650605,11,5.82,5,0,0,64,2,5,76595,,40405,India v Australia U19 1-day 2026 - Men,2,225,Australia U19 Men,229,India U19 Men,8829323,2026-09-21T08:36:33Z,2,63.0,False,22154,Kavya Patel,22141,Jack Czosnek,22155,Matthew Lough,4,0,4,4,0,Null,NotReferred,Null,False,False,False,False,False,True,False,False,True,False,False,False,4,0,0,0,0,True,False,,,,,,,,,,
1650605,11,5.82,5,0,0,64,2,5,76595,,40405,India v Australia U19 1-day 2026 - Men,2,225,Australia U19 Men,229,India U19 Men,8829324,2026-09-21T08:37:19Z,3,64.0,False,22154,Kavya Patel,22141,Jack Czosnek,22155,Matthew Lough,1,0,1,1,0,Null,NotReferred,Null,False,False,False,False,False,True,False,False,True,False,False,False,1,0,0,0,0,False,False,,,,,,,,,,
1650605,11,5.82,5,0,0,64,2,5,76595,,40405,India v Australia U19 1-day 2026 - Men,2,225,Australia U19 Men,229,India U19 Men,8829325,2026-09-21T08:38:44Z,4,65.0,False,22154,Kavya Patel,22155,Matthew Lough,22141,Jack Czosnek,0,0,0,0,0,Null,NotReferred,Null,False,False,False,False,False,True,False,False,True,False,False,False,0,0,0,0,0,False,False,,,,,,,,,,
1650605,11,5.82,5,0,0,64,2,5,76595,,40405,India v Australia U19 1-day 2026 - Men,2,225,Australia U19 Men,229,India U19 Men,8829326,2026-09-21T08:38:47Z,5,66.0,False,22154,Kavya Patel,22155,Matthew Lough,22141,Jack Czosnek,0,0,0,0,0,Null,NotReferred,Null,False,False,False,False,False,True,False,False,True,False,False,False,0,0,0,0,0,False,False,,,,,,,,,,
1650605,11,5.82,5,0,0,64,2,5,76595,,40405,India v Australia U19 1-day 2026 - Men,2,225,Australia U19 Men,229,India U19 Men,8829327,2026-09-21T08:38:58Z,6,67.0,False,22154,Kavya Patel,22155,Matthew Lough,22141,Jack Czosnek,0,0,0,0,0,Null,NotReferred,Null,False,False,False,False,False,True,False,False,True,False,False,False,0,0,0,0,0,False,False,,,,,,,,,,
1650606,12,5.83,6,0,0,70,2,6,76595,,40405,India v Australia U19 1-day 2026 - Men,2,225,Australia U19 Men,229,India U19 Men,8829328,2026-09-21T08:41:11Z,1,68.0,False,22136,Manal Chauhan,22141,Jack Czosnek,22155,Matthew Lough,1,0,1,1,0,Null,NotReferred,Null,False,False,False,False,False,True,False,False,True,False,False,False,1,0,0,0,0,False,False,,,,,,,,,,
1650606,12,5.83,6,0,0,70,2,6,76595,,40405,India v Australia U19 1-day 2026 - Men,2,225,Australia U19 Men,229,India U19 Men,8829329,2026-09-21T08:41:14Z,2,69.0,False,22136,Manal Chauhan,22155,Matthew Lough,22141,Jack Czosnek,0,0,0,0,0,Null,NotReferred,Null,False,False,False,False,False,True,False,False,True,False,False,False,0,0,0,0,0,False,False,,,,,,,,,,
1650606,12,5.83,6,0,0,70,2,6,76595,,40405,India v Australia U19 1-day 2026 - Men,2,225,Australia U19 Men,229,India U19 Men,8829330,2026-09-21T08:41:17Z,3,70.0,False,22136,Manal Chauhan,22155,Matthew Lough,22141,Jack Czosnek,4,0,4,4,0,Null,NotReferred,Null,False,False,False,False,False,True,False,False,True,False,False,False,4,0,0,0,0,True,False,,,,,,,,,,
1650606,12,5.83,6,0,0,70,2,6,76595,,40405,India v Australia U19 1-day 2026 - Men,2,225,Australia U19 Men,229,India U19 Men,8829331,2026-09-21T08:41:22Z,4,71.0,False,22136,Manal Chauhan,22155,Matthew Lough,22141,Jack Czosnek,0,0,0,0,0,Null,NotReferred,Null,False,False,False,False,False,True,False,False,True,False,False,False,0,0,0,0,0,False,False,,,,,,,,,,
1650606,12,5.83,6,0,0,70,2,6,76595,,40405,India v Australia U19 1-day 2026 - Men,2,225,Australia U19 Men,229,India U19 Men,8829332,2026-09-21T08:41:38Z,5,72.0,False,22136,Manal Chauhan,22155,Matthew Lough,22141,Jack Czosnek,0,0,0,0,0,Null,NotReferred,Null,False,False,False,False,False,True,False,False,True,False,False,False,0,0,0,0,0,False,False,,,,,,,,,,
1650606,12,5.83,6,0,0,70,2,6,76595,,40405,India v Australia U19 1-day 2026 - Men,2,225,Australia U19 Men,229,India U19 Men,8829333,2026-09-21T08:41:53Z,6,73.0,False,22136,Manal Chauhan,22155,Matthew Lough,22141,Jack Czosnek,1,0,1,1,0,Null,NotReferred,Null,False,False,False,False,False,True,False,False,True,False,False,False,1,0,0,0,0,False,False,,,,,,,,,,
1650607,13,5.69,4,1,0,74,3,4,76595,,40405,India v Australia U19 1-day 2026 - Men,2,225,Australia U19 Men,229,India U19 Men,8829334,2026-09-21T08:43:07Z,1,74.0,False,22154,Kavya Patel,22155,Matthew Lough,22141,Jack Czosnek,0,0,0,0,0,Null,NotReferred,Null,False,False,False,False,False,True,False,False,True,False,False,False,0,0,0,0,0,False,False,,,,,,,,,,
1650607,13,5.69,4,1,0,74,3,4,76595,,40405,India v Australia U19 1-day 2026 - Men,2,225,Australia U19 Men,229,India U19 Men,8829335,2026-09-21T08:43:38Z,2,75.0,False,22154,Kavya Patel,22155,Matthew Lough,22141,Jack Czosnek,1,0,1,1,0,Null,NotReferred,Null,False,False,False,False,False,True,False,False,True,False,False,False,1,0,0,0,0,False,False,,,,,,,,,,
1650607,13,5.69,4,1,0,74,3,4,76595,,40405,India v Australia U19 1-day 2026 - Men,2,225,Australia U19 Men,229,India U19 Men,8829336,2026-09-21T08:45:14Z,3,76.0,False,22154,Kavya Patel,22141,Jack Czosnek,22155,Matthew Lough,1,0,1,1,0,Null,NotReferred,Null,False,False,False,False,False,True,False,False,True,False,False,False,1,0,0,0,0,False,False,,,,,,,,,,
1650607,13,5.69,4,1,0,74,3,4,76595,,40405,India v Australia U19 1-day 2026 - Men,2,225,Australia U19 Men,229,India U19 Men,8829337,2026-09-21T08:45:36Z,4,77.0,True,22154,Kavya Patel,22155,Matthew Lough,22141,Jack Czosnek,0,0,0,0,0,Null,NotReferred,Null,False,False,False,False,False,True,False,False,True,False,False,False,0,0,0,0,0,False,False,Caught,22155.0,Matthew Lough,Caught,Caught,,,,,
1650607,13,5.69,4,1,0,74,3,4,76595,,40405,India v Australia U19 1-day 2026 - Men,2,225,Australia U19 Men,229,India U19 Men,8829338,2026-09-21T08:47:56Z,5,78.0,False,22154,Kavya Patel,22146,Blake Cattle,22141,Jack Czosnek,0,0,0,0,0,Null,NotReferred,Null,False,False,False,False,False,True,False,False,True,False,False,False,0,0,0,0,0,False,False,,,,,,,,,,
1650607,13,5.69,4,1,0,74,3,4,76595,,40405,India v Australia U19 1-day 2026 - Men,2,225,Australia U19 Men,229,India U19 Men,8829339,2026-09-21T08:47:59Z,6,79.0,False,22154,Kavya Patel,22146,Blake Cattle,22141,Jack Czosnek,2,0,2,2,0,Null,NotReferred,Null,False,False,False,False,False,True,False,False,True,False,False,False,2,0,0,0,0,False,False,,,,,,,,,,
1650608,14,5.5,3,0,0,77,3,3,76595,,40405,India v Australia U19 1-day 2026 - Men,2,225,Australia U19 Men,229,India U19 Men,8829340,2026-09-21T08:50:56Z,1,80.0,False,22136,Manal Chauhan,22141,Jack Czosnek,22146,Blake Cattle,0,0,0,0,0,Null,NotReferred,Null,False,False,False,False,False,True,False,False,True,False,False,False,0,0,0,0,0,False,False,,,,,,,,,,
1650608,14,5.5,3,0,0,77,3,3,76595,,40405,India v Australia U19 1-day 2026 - Men,2,225,Australia U19 Men,229,India U19 Men,8829341,2026-09-21T08:50:59Z,2,81.0,False,22136,Manal Chauhan,22141,Jack Czosnek,22146,Blake Cattle,1,0,1,1,0,Null,NotReferred,Null,False,False,False,False,False,True,False,False,True,False,False,False,1,0,0,0,0,False,False,,,,,,,,,,
1650608,14,5.5,3,0,0,77,3,3,76595,,40405,India v Australia U19 1-day 2026 - Men,2,225,Australia U19 Men,229,India U19 Men,8829342,2026-09-21T08:51:03Z,3,82.0,False,22136,Manal Chauhan,22146,Blake Cattle,22141,Jack Czosnek,1,0,1,1,0,Null,NotReferred,Null,False,False,False,False,False,True,False,False,True,False,False,False,1,0,0,0,0,False,False,,,,,,,,,,
1650608,14,5.5,3,0,0,77,3,3,76595,,40405,India v Australia U19 1-day 2026 - Men,2,225,Australia U19 Men,229,India U19 Men,8829343,2026-09-21T08:51:06Z,4,83.0,False,22136,Manal Chauhan,22141,Jack Czosnek,22146,Blake Cattle,1,0,1,1,0,Null,NotReferred,Null,False,False,False,False,False,True,False,False,True,False,False,False,1,0,0,0,0,False,False,,,,,,,,,,
1650608,14,5.5,3,0,0,77,3,3,76595,,40405,India v Australia U19 1-day 2026 - Men,2,225,Australia U19 Men,229,India U19 Men,8829344,2026-09-21T08:51:09Z,5,5.0,False,22136,Manal Chauhan,22146,Blake Cattle,22141,Jack Czosnek,0,0,0,0,0,Null,NotReferred,Null,False,False,False,False,False,True,False,False,True,False,False,False,0,0,0,0,0,False,False,,,,,,,,,,
1650608,14,5.5,3,0,0,77,3,3,76595,,40405,India v Australia U19 1-day 2026 - Men,2,225,Australia U19 Men,229,India U19 Men,8829345,2026-09-21T08:51:12Z,6,85.0,False,22136,Manal Chauhan,22146,Blake Cattle,22141,Jack Czosnek,0,0,0,0,0,Null,NotReferred,Null,False,False,False,False,False,True,False,False,True,False,False,False,0,0,0,0,0,False,False,,,,,,,,,,
1650609,15,5.4,4,0,0,81,3,4,76595,,40405,India v Australia U19 1-day 2026 - Men,2,225,Australia U19 Men,229,India U19 Men,8829346,2026-09-21T08:51:41Z,1,86.0,False,22154,Kavya Patel,22141,Jack Czosnek,22146,Blake Cattle,0,0,0,0,0,Null,NotReferred,Null,False,False,False,False,False,True,False,False,True,False,False,False,0,0,0,0,0,False,False,,,,,,,,,,
1650609,15,5.4,4,0,0,81,3,4,76595,,40405,India v Australia U19 1-day 2026 - Men,2,225,Australia U19 Men,229,India U19 Men,8829347,2026-09-21T08:52:12Z,2,87.0,False,22154,Kavya Patel,22141,Jack Czosnek,22146,Blake Cattle,1,0,1,1,0,Null,NotReferred,Null,False,False,False,False,False,True,False,False,True,False,False,False,1,0,0,0,0,False,False,,,,,,,,,,
1650609,15,5.4,4,0,0,81,3,4,76595,,40405,India v Australia U19 1-day 2026 - Men,2,225,Australia U19 Men,229,India U19 Men,8829348,2026-09-21T08:53:52Z,3,88.0,False,22154,Kavya Patel,22146,Blake Cattle,22141,Jack Czosnek,1,0,1,1,0,Null,NotReferred,Null,False,False,False,False,False,True,False,False,True,False,False,False,1,0,0,0,0,False,False,,,,,,,,,,
1650609,15,5.4,4,0,0,81,3,4,76595,,40405,India v Australia U19 1-day 2026 - Men,2,225,Australia U19 Men,229,India U19 Men,8829349,2026-09-21T08:53:55Z,4,89.0,False,22154,Kavya Patel,22141,Jack Czosnek,22146,Blake Cattle,0,0,0,0,0,Null,NotReferred,Null,False,False,False,False,False,True,False,False,True,False,False,False,0,0,0,0,0,False,False,,,,,,,,,,
1650609,15,5.4,4,0,0,81,3,4,76595,,40405,India v Australia U19 1-day 2026 - Men,2,225,Australia U19 Men,229,India U19 Men,8829350,2026-09-21T08:57:11Z,5,90.0,False,22154,Kavya Patel,22141,Jack Czosnek,22146,Blake Cattle,1,0,1,1,0,Null,NotReferred,Null,False,False,False,False,False,True,False,False,True,False,False,False,1,0,0,0,0,False,False,,,,,,,,,,
1650609,15,5.4,4,0,0,81,3,4,76595,,40405,India v Australia U19 1-day 2026 - Men,2,225,Australia U19 Men,229,India U19 Men,8829351,2026-09-21T08:57:14Z,6,91.0,False,22154,Kavya Patel,22146,Blake Cattle,22141,Jack Czosnek,1,0,1,1,0,Null,NotReferred,Null,False,False,False,False,False,True,False,False,True,False,False,False,1,0,0,0,0,False,False,,,,,,,,,,
1650610,16,5.31,4,0,0,85,3,4,76595,,40405,India v Australia U19 1-day 2026 - Men,2,225,Australia U19 Men,229,India U19 Men,8829352,2026-09-21T08:57:17Z,1,1.0,False,22136,Manal Chauhan,22146,Blake Cattle,22141,Jack Czosnek,0,0,0,0,0,Null,NotReferred,Null,False,False,False,False,False,True,False,False,True,False,False,False,0,0,0,0,0,False,False,,,,,,,,,,
1650610,16,5.31,4,0,0,85,3,4,76595,,40405,India v Australia U19 1-day 2026 - Men,2,225,Australia U19 Men,229,India U19 Men,8829353,2026-09-21T08:57:20Z,2,93.0,False,22136,Manal Chauhan,22146,Blake Cattle,22141,Jack Czosnek,1,0,1,1,0,Null,NotReferred,Null,False,False,False,False,False,True,False,False,True,False,False,False,1,0,0,0,0,False,False,,,,,,,,,,
1650610,16,5.31,4,0,0,85,3,4,76595,,40405,India v Australia U19 1-day 2026 - Men,2,225,Australia U19 Men,229,India U19 Men,8829354,2026-09-21T08:57:23Z,3,94.0,False,22136,Manal Chauhan,22141,Jack Czosnek,22146,Blake Cattle,1,0,1,1,0,Null,NotReferred,Null,False,False,False,False,False,True,False,False,True,False,False,False,1,0,0,0,0,False,False,,,,,,,,,,
1650610,16,5.31,4,0,0,85,3,4,76595,,40405,India v Australia U19 1-day 2026 - Men,2,225,Australia U19 Men,229,India U19 Men,8829355,2026-09-21T08:58:27Z,4,95.0,False,22136,Manal Chauhan,22146,Blake Cattle,22141,Jack Czosnek,0,0,0,0,0,Null,NotReferred,Null,False,False,False,False,False,True,False,False,True,False,False,False,0,0,0,0,0,False,False,,,,,,,,,,
1650610,16,5.31,4,0,0,85,3,4,76595,,40405,India v Australia U19 1-day 2026 - Men,2,225,Australia U19 Men,229,India U19 Men,8829356,2026-09-21T08:58:31Z,5,5.0,False,22136,Manal Chauhan,22146,Blake Cattle,22141,Jack Czosnek,2,0,2,2,0,Null,NotReferred,Null,False,False,False,False,False,True,False,False,True,False,False,False,2,0,0,0,0,False,False,,,,,,,,,,
1650610,16,5.31,4,0,0,85,3,4,76595,,40405,India v Australia U19 1-day 2026 - Men,2,225,Australia U19 Men,229,India U19 Men,8829357,2026-09-21T08:58:34Z,6,97.0,False,22136,Manal Chauhan,22146,Blake Cattle,22141,Jack Czosnek,0,0,0,0,0,Null,NotReferred,Null,False,False,False,False,False,True,False,False,True,False,False,False,0,0,0,0,0,False,False,,,,,,,,,,
1650611,17,5.06,1,0,0,86,3,1,76595,,40405,India v Australia U19 1-day 2026 - Men,2,225,Australia U19 Men,229,India U19 Men,8829358,2026-09-21T08:59:58Z,1,98.0,False,22154,Kavya Patel,22141,Jack Czosnek,22146,Blake Cattle,0,0,0,0,0,Null,NotReferred,Null,False,False,False,False,False,True,False,False,True,False,False,False,0,0,0,0,0,False,False,,,,,,,,,,
1650611,17,5.06,1,0,0,86,3,1,76595,,40405,India v Australia U19 1-day 2026 - Men,2,225,Australia U19 Men,229,India U19 Men,8829359,2026-09-21T09:00:01Z,2,99.0,False,22154,Kavya Patel,22141,Jack Czosnek,22146,Blake Cattle,0,0,0,0,0,Null,NotReferred,Null,False,False,False,False,False,True,False,False,True,False,False,False,0,0,0,0,0,False,False,,,,,,,,,,
1650611,17,5.06,1,0,0,86,3,1,76595,,40405,India v Australia U19 1-day 2026 - Men,2,225,Australia U19 Men,229,India U19 Men,8829360,2026-09-21T09:00:47Z,3,100.0,False,22154,Kavya Patel,22141,Jack Czosnek,22146,Blake Cattle,0,0,0,0,0,Null,NotReferred,Null,False,False,False,False,False,True,False,False,True,False,False,False,0,0,0,0,0,False,False,,,,,,,,,,
1650611,17,5.06,1,0,0,86,3,1,76595,,40405,India v Australia U19 1-day 2026 - Men,2,225,Australia U19 Men,229,India U19 Men,8829361,2026-09-21T09:02:30Z,4,101.0,False,22154,Kavya Patel,22141,Jack Czosnek,22146,Blake Cattle,0,0,0,0,0,Null,NotReferred,Null,False,False,False,False,False,True,False,False,True,False,False,False,0,0,0,0,0,False,False,,,,,,,,,,
1650611,17,5.06,1,0,0,86,3,1,76595,,40405,India v Australia U19 1-day 2026 - Men,2,225,Australia U19 Men,229,India U19 Men,8829362,2026-09-21T09:02:34Z,5,5.0,False,22154,Kavya Patel,22141,Jack Czosnek,22146,Blake Cattle,0,0,0,0,0,Null,NotReferred,Null,False,False,False,False,False,True,False,False,True,False,False,False,0,0,0,0,0,False,False,,,,,,,,,,
1650611,17,5.06,1,0,0,86,3,1,76595,,40405,India v Australia U19 1-day 2026 - Men,2,225,Australia U19 Men,229,India U19 Men,8829363,2026-09-21T09:02:58Z,6,103.0,False,22154,Kavya Patel,22141,Jack Czosnek,22146,Blake Cattle,1,0,1,1,0,Null,NotReferred,Null,False,False,False,False,False,True,False,False,True,False,False,False,1,0,0,0,0,False,False,,,,,,,,,,
1650612,18,4.94,3,0,0,89,3,3,76595,,40405,India v Australia U19 1-day 2026 - Men,2,225,Australia U19 Men,229,India U19 Men,8829364,2026-09-21T09:08:59Z,1,104.0,False,22136,Manal Chauhan,22141,Jack Czosnek,22146,Blake Cattle,0,0,0,0,0,Null,NotReferred,Null,False,False,False,False,False,True,False,False,True,False,False,False,0,0,0,0,0,False,False,,,,,,,,,,
1650612,18,4.94,3,0,0,89,3,3,76595,,40405,India v Australia U19 1-day 2026 - Men,2,225,Australia U19 Men,229,India U19 Men,8829365,2026-09-21T09:09:03Z,2,105.0,False,22136,Manal Chauhan,22141,Jack Czosnek,22146,Blake Cattle,1,0,1,1,0,Null,NotReferred,Null,False,False,False,False,False,True,False,False,True,False,False,False,1,0,0,0,0,False,False,,,,,,,,,,
1650612,18,4.94,3,0,0,89,3,3,76595,,40405,India v Australia U19 1-day 2026 - Men,2,225,Australia U19 Men,229,India U19 Men,8829366,2026-09-21T09:09:06Z,3,3.0,False,22136,Manal Chauhan,22146,Blake Cattle,22141,Jack Czosnek,0,0,0,0,0,Null,NotReferred,Null,False,False,False,False,False,True,False,False,True,False,False,False,0,0,0,0,0,False,False,,,,,,,,,,
1650612,18,4.94,3,0,0,89,3,3,76595,,40405,India v Australia U19 1-day 2026 - Men,2,225,Australia U19 Men,229,India U19 Men,8829367,2026-09-21T09:10:03Z,4,107.0,False,22136,Manal Chauhan,22146,Blake Cattle,22141,Jack Czosnek,0,0,0,0,0,Null,NotReferred,Null,False,False,False,False,False,True,False,False,True,False,False,False,0,0,0,0,0,False,False,,,,,,,,,,
1650612,18,4.94,3,0,0,89,3,3,76595,,40405,India v Australia U19 1-day 2026 - Men,2,225,Australia U19 Men,229,India U19 Men,8829368,2026-09-21T09:10:06Z,5,108.0,False,22136,Manal Chauhan,22146,Blake Cattle,22141,Jack Czosnek,1,0,1,1,0,Null,NotReferred,Null,False,False,False,False,False,True,False,False,True,False,False,False,1,0,0,0,0,False,False,,,,,,,,,,
1650612,18,4.94,3,0,0,89,3,3,76595,,40405,India v Australia U19 1-day 2026 - Men,2,225,Australia U19 Men,229,India U19 Men,8829369,2026-09-21T09:10:10Z,6,109.0,False,22136,Manal Chauhan,22141,Jack Czosnek,22146,Blake Cattle,1,0,1,1,0,Null,NotReferred,Null,False,False,False,False,False,True,False,False,True,False,False,False,1,0,0,0,0,False,False,,,,,,,,,,
1650613,19,4.79,2,0,0,91,3,2,76595,,40405,India v Australia U19 1-day 2026 - Men,2,225,Australia U19 Men,229,India U19 Men,8829370,2026-09-21T09:11:59Z,1,110.0,False,22154,Kavya Patel,22141,Jack Czosnek,22146,Blake Cattle,0,0,0,0,0,Null,NotReferred,Null,False,False,False,False,False,True,False,False,True,False,False,False,0,0,0,0,0,False,False,,,,,,,,,,
1650613,19,4.79,2,0,0,91,3,2,76595,,40405,India v Australia U19 1-day 2026 - Men,2,225,Australia U19 Men,229,India U19 Men,8829371,2026-09-21T09:13:10Z,2,111.0,False,22154,Kavya Patel,22141,Jack Czosnek,22146,Blake Cattle,1,0,1,1,0,Null,NotReferred,Null,False,False,False,False,False,True,False,False,True,False,False,False,1,0,0,0,0,False,False,,,,,,,,,,
1650613,19,4.79,2,0,0,91,3,2,76595,,40405,India v Australia U19 1-day 2026 - Men,2,225,Australia U19 Men,229,India U19 Men,8829372,2026-09-21T09:13:13Z,3,112.0,False,22154,Kavya Patel,22146,Blake Cattle,22141,Jack Czosnek,0,0,0,0,0,Null,NotReferred,Null,False,False,False,False,False,True,False,False,True,False,False,False,0,0,0,0,0,False,False,,,,,,,,,,
1650613,19,4.79,2,0,0,91,3,2,76595,,40405,India v Australia U19 1-day 2026 - Men,2,225,Australia U19 Men,229,India U19 Men,8829373,2026-09-21T09:14:59Z,4,113.0,False,22154,Kavya Patel,22146,Blake Cattle,22141,Jack Czosnek,0,0,0,0,0,Null,NotReferred,Null,False,False,False,False,False,True,False,False,True,False,False,False,0,0,0,0,0,False,False,,,,,,,,,,
1650613,19,4.79,2,0,0,91,3,2,76595,,40405,India v Australia U19 1-day 2026 - Men,2,225,Australia U19 Men,229,India U19 Men,8829374,2026-09-21T09:15:02Z,5,5.0,False,22154,Kavya Patel,22146,Blake Cattle,22141,Jack Czosnek,1,0,1,1,0,Null,NotReferred,Null,False,False,False,False,False,True,False,False,True,False,False,False,1,0,0,0,0,False,False,,,,,,,,,,
1650613,19,4.79,2,0,0,91,3,2,76595,,40405,India v Australia U19 1-day 2026 - Men,2,225,Australia U19 Men,229,India U19 Men,8829375,2026-09-21T09:15:09Z,6,115.0,False,22154,Kavya Patel,22141,Jack Czosnek,22146,Blake Cattle,0,0,0,0,0,Null,NotReferred,Null,False,False,False,False,False,True,False,False,True,False,False,False,0,0,0,0,0,False,False,,,,,,,,,,
1650614,20,5.15,12,0,0,103,3,12,76595,,40405,India v Australia U19 1-day 2026 - Men,2,225,Australia U19 Men,229,India U19 Men,8829376,2026-09-21T09:16:57Z,1,116.0,False,22137,V Yashveer,22146,Blake Cattle,22141,Jack Czosnek,0,0,0,0,0,Null,NotReferred,Null,False,False,False,False,False,True,False,False,True,False,False,False,0,0,0,0,0,False,False,,,,,,,,,,
1650614,20,5.15,12,0,0,103,3,12,76595,,40405,India v Australia U19 1-day 2026 - Men,2,225,Australia U19 Men,229,India U19 Men,8829377,2026-09-21T09:17:00Z,2,117.0,False,22137,V Yashveer,22146,Blake Cattle,22141,Jack Czosnek,1,0,1,1,0,Null,NotReferred,Null,False,False,False,False,False,True,False,False,True,False,False,False,1,0,0,0,0,False,False,,,,,,,,,,
1650614,20,5.15,12,0,0,103,3,12,76595,,40405,India v Australia U19 1-day 2026 - Men,2,225,Australia U19 Men,229,India U19 Men,8829378,2026-09-21T09:17:26Z,3,118.0,False,22137,V Yashveer,22141,Jack Czosnek,22146,Blake Cattle,6,0,6,6,0,Null,NotReferred,Null,False,False,False,False,False,True,False,False,True,False,False,False,6,0,0,0,0,True,False,,,,,,,,,,
1650614,20,5.15,12,0,0,103,3,12,76595,,40405,India v Australia U19 1-day 2026 - Men,2,225,Australia U19 Men,229,India U19 Men,8829379,2026-09-21T09:18:12Z,4,119.0,False,22137,V Yashveer,22141,Jack Czosnek,22146,Blake Cattle,4,0,4,4,0,Null,NotReferred,Null,False,False,False,False,False,True,False,False,True,False,False,False,4,0,0,0,0,True,False,,,,,,,,,,
1650614,20,5.15,12,0,0,103,3,12,76595,,40405,India v Australia U19 1-day 2026 - Men,2,225,Australia U19 Men,229,India U19 Men,8829380,2026-09-21T09:18:27Z,5,120.0,False,22137,V Yashveer,22141,Jack Czosnek,22146,Blake Cattle,0,0,0,0,0,Null,NotReferred,Null,False,False,False,False,False,True,False,False,True,False,False,False,0,0,0,0,0,False,False,,,,,,,,,,
1650614,20,5.15,12,0,0,103,3,12,76595,,40405,India v Australia U19 1-day 2026 - Men,2,225,Australia U19 Men,229,India U19 Men,8829381,2026-09-21T09:18:59Z,6,121.0,False,22137,V Yashveer,22141,Jack Czosnek,22146,Blake Cattle,1,0,1,1,0,Null,NotReferred,Null,False,False,False,False,False,True,False,False,True,False,False,False,1,0,0,0,0,False,False,,,,,,,,,,
1650615,21,5.24,7,0,0,110,3,7,76595,,40405,India v Australia U19 1-day 2026 - Men,2,225,Australia U19 Men,229,India U19 Men,8829382,2026-09-21T09:21:28Z,1,122.0,False,22134,Yashbardhan Chauhan,22141,Jack Czosnek,22146,Blake Cattle,1,0,1,1,0,Null,NotReferred,Null,False,False,False,False,False,True,False,False,True,False,False,False,1,0,0,0,0,False,False,,,,,,,,,,
1650615,21,5.24,7,0,0,110,3,7,76595,,40405,India v Australia U19 1-day 2026 - Men,2,225,Australia U19 Men,229,India U19 Men,8829383,2026-09-21T09:21:31Z,2,123.0,False,22134,Yashbardhan Chauhan,22146,Blake Cattle,22141,Jack Czosnek,0,0,0,0,0,Null,NotReferred,Null,False,False,False,False,False,True,False,False,True,False,False,False,0,0,0,0,0,False,False,,,,,,,,,,
1650615,21,5.24,7,0,0,110,3,7,76595,,40405,India v Australia U19 1-day 2026 - Men,2,225,Australia U19 Men,229,India U19 Men,8829384,2026-09-21T09:21:34Z,3,124.0,False,22134,Yashbardhan Chauhan,22146,Blake Cattle,22141,Jack Czosnek,1,0,1,1,0,Null,NotReferred,Null,False,False,False,False,False,True,False,False,True,False,False,False,1,0,0,0,0,False,False,,,,,,,,,,
1650615,21,5.24,7,0,0,110,3,7,76595,,40405,India v Australia U19 1-day 2026 - Men,2,225,Australia U19 Men,229,India U19 Men,8829385,2026-09-21T09:22:39Z,4,125.0,False,22134,Yashbardhan Chauhan,22141,Jack Czosnek,22146,Blake Cattle,4,0,4,4,0,Null,NotReferred,Null,False,False,False,False,False,True,False,False,True,False,False,False,4,0,0,0,0,True,False,,,,,,,,,,
1650615,21,5.24,7,0,0,110,3,7,76595,,40405,India v Australia U19 1-day 2026 - Men,2,225,Australia U19 Men,229,India U19 Men,8829386,2026-09-21T09:22:43Z,5,126.0,False,22134,Yashbardhan Chauhan,22141,Jack Czosnek,22146,Blake Cattle,1,0,1,1,0,Null,NotReferred,Null,False,False,False,False,False,True,False,False,True,False,False,False,1,0,0,0,0,False,False,,,,,,,,,,
1650615,21,5.24,7,0,0,110,3,7,76595,,40405,India v Australia U19 1-day 2026 - Men,2,225,Australia U19 Men,229,India U19 Men,8829387,2026-09-21T09:22:46Z,6,127.0,False,22134,Yashbardhan Chauhan,22146,Blake Cattle,22141,Jack Czosnek,0,0,0,0,0,Null,NotReferred,Null,False,False,False,False,False,True,False,False,True,False,False,False,0,0,0,0,0,False,False,,,,,,,,,,
1650616,22,5.68,15,0,0,125,3,15,76595,,40405,India v Australia U19 1-day 2026 - Men,2,225,Australia U19 Men,229,India U19 Men,8829388,2026-09-21T09:23:58Z,1,128.0,False,22137,V Yashveer,22141,Jack Czosnek,22146,Blake Cattle,0,0,0,0,0,Null,NotReferred,Null,False,False,False,False,False,True,False,False,True,False,False,False,0,0,0,0,0,False,False,,,,,,,,,,
1650616,22,5.68,15,0,0,125,3,15,76595,,40405,India v Australia U19 1-day 2026 - Men,2,225,Australia U19 Men,229,India U19 Men,8829389,2026-09-21T09:25:04Z,2,129.0,False,22137,V Yashveer,22141,Jack Czosnek,22146,Blake Cattle,4,0,4,4,0,Null,NotReferred,Null,False,False,False,False,False,True,False,False,True,False,False,False,4,0,0,0,0,True,False,,,,,,,,,,
1650616,22,5.68,15,0,0,125,3,15,76595,,40405,India v Australia U19 1-day 2026 - Men,2,225,Australia U19 Men,229,India U19 Men,8829390,2026-09-21T09:25:07Z,3,130.0,False,22137,V Yashveer,22141,Jack Czosnek,22146,Blake Cattle,6,0,6,6,0,Null,NotReferred,Null,False,False,False,False,False,True,False,False,True,False,False,False,6,0,0,0,0,True,False,,,,,,,,,,
1650616,22,5.68,15,0,0,125,3,15,76595,,40405,India v Australia U19 1-day 2026 - Men,2,225,Australia U19 Men,229,India U19 Men,8829391,2026-09-21T09:26:19Z,4,4.0,False,22137,V Yashveer,22141,Jack Czosnek,22146,Blake Cattle,4,0,4,4,0,Null,NotReferred,Null,False,False,False,False,False,True,False,False,True,False,False,False,4,0,0,0,0,True,False,,,,,,,,,,
1650616,22,5.68,15,0,0,125,3,15,76595,,40405,India v Australia U19 1-day 2026 - Men,2,225,Australia U19 Men,229,India U19 Men,8829392,2026-09-21T09:26:22Z,5,132.0,False,22137,V Yashveer,22141,Jack Czosnek,22146,Blake Cattle,1,0,1,1,0,Null,NotReferred,Null,False,False,False,False,False,True,False,False,True,False,False,False,1,0,0,0,0,False,False,,,,,,,,,,
1650616,22,5.68,15,0,0,125,3,15,76595,,40405,India v Australia U19 1-day 2026 - Men,2,225,Australia U19 Men,229,India U19 Men,8829393,2026-09-21T09:26:35Z,6,133.0,False,22137,V Yashveer,22146,Blake Cattle,22141,Jack Czosnek,0,0,0,0,0,Null,NotReferred,Null,False,False,False,False,False,True,False,False,True,False,False,False,0,0,0,0,0,False,False,,,,,,,,,,
1650617,23,5.91,11,0,0,136,3,11,76595,,40405,India v Australia U19 1-day 2026 - Men,2,225,Australia U19 Men,229,India U19 Men,8829394,2026-09-21T09:29:04Z,1,134.0,False,22134,Yashbardhan Chauhan,22141,Jack Czosnek,22146,Blake Cattle,1,0,1,1,0,Null,NotReferred,Null,False,False,False,False,False,True,False,False,True,False,False,False,1,0,0,0,0,False,False,,,,,,,,,,
1650617,23,5.91,11,0,0,136,3,11,76595,,40405,India v Australia U19 1-day 2026 - Men,2,225,Australia U19 Men,229,India U19 Men,8829395,2026-09-21T09:29:07Z,2,2.0,False,22134,Yashbardhan Chauhan,22146,Blake Cattle,22141,Jack Czosnek,4,0,4,4,0,Null,NotReferred,Null,False,False,False,False,False,True,False,False,True,False,False,False,4,0,0,0,0,True,False,,,,,,,,,,
1650617,23,5.91,11,0,0,136,3,11,76595,,40405,India v Australia U19 1-day 2026 - Men,2,225,Australia U19 Men,229,India U19 Men,8829396,2026-09-21T09:29:10Z,3,136.0,False,22134,Yashbardhan Chauhan,22146,Blake Cattle,22141,Jack Czosnek,1,0,1,1,0,Null,NotReferred,Null,False,False,False,False,False,True,False,False,True,False,False,False,1,0,0,0,0,False,False,,,,,,,,,,
1650617,23,5.91,11,0,0,136,3,11,76595,,40405,India v Australia U19 1-day 2026 - Men,2,225,Australia U19 Men,229,India U19 Men,8829397,2026-09-21T09:29:13Z,4,4.0,False,22134,Yashbardhan Chauhan,22141,Jack Czosnek,22146,Blake Cattle,1,0,1,1,0,Null,NotReferred,Null,False,False,False,False,False,True,False,False,True,False,False,False,1,0,0,0,0,False,False,,,,,,,,,,
1650617,23,5.91,11,0,0,136,3,11,76595,,40405,India v Australia U19 1-day 2026 - Men,2,225,Australia U19 Men,229,India U19 Men,8829398,2026-09-21T09:29:17Z,5,138.0,False,22134,Yashbardhan Chauhan,22146,Blake Cattle,22141,Jack Czosnek,0,0,0,0,0,Null,NotReferred,Null,False,False,False,False,False,True,False,False,True,False,False,False,0,0,0,0,0,False,False,,,,,,,,,,
1650617,23,5.91,11,0,0,136,3,11,76595,,40405,India v Australia U19 1-day 2026 - Men,2,225,Australia U19 Men,229,India U19 Men,8829399,2026-09-21T09:29:33Z,6,139.0,False,22134,Yashbardhan Chauhan,22146,Blake Cattle,22141,Jack Czosnek,4,0,4,4,0,Null,NotReferred,Null,False,False,False,False,False,True,False,False,True,False,False,False,4,0,0,0,0,True,False,,,,,,,,,,
1650618,24,5.88,5,0,0,141,3,5,76595,,40405,India v Australia U19 1-day 2026 - Men,2,225,Australia U19 Men,229,India U19 Men,8829400,2026-09-21T09:32:18Z,1,140.0,False,22138,Chigurupati Venkata,22141,Jack Czosnek,22146,Blake Cattle,1,0,1,1,0,Null,NotReferred,Null,False,False,False,False,False,True,False,False,True,False,False,False,1,0,0,0,0,False,False,,,,,,,,,,
1650618,24,5.88,5,0,0,141,3,5,76595,,40405,India v Australia U19 1-day 2026 - Men,2,225,Australia U19 Men,229,India U19 Men,8829401,2026-09-21T09:32:21Z,2,141.0,False,22138,Chigurupati Venkata,22146,Blake Cattle,22141,Jack Czosnek,0,0,0,0,0,Null,NotReferred,Null,False,False,False,False,False,True,False,False,True,False,False,False,0,0,0,0,0,False,False,,,,,,,,,,
1650618,24,5.88,5,0,0,141,3,5,76595,,40405,India v Australia U19 1-day 2026 - Men,2,225,Australia U19 Men,229,India U19 Men,8829402,2026-09-21T09:32:24Z,3,142.0,False,22138,Chigurupati Venkata,22146,Blake Cattle,22141,Jack Czosnek,0,0,0,0,0,Null,NotReferred,Null,False,False,False,False,False,True,False,False,True,False,False,False,0,0,0,0,0,False,False,,,,,,,,,,
1650618,24,5.88,5,0,0,141,3,5,76595,,40405,India v Australia U19 1-day 2026 - Men,2,225,Australia U19 Men,229,India U19 Men,8829403,2026-09-21T09:33:08Z,4,143.0,False,22138,Chigurupati Venkata,22146,Blake Cattle,22141,Jack Czosnek,1,0,1,1,0,Null,NotReferred,Null,False,False,False,False,False,True,False,False,True,False,False,False,1,0,0,0,0,False,False,,,,,,,,,,
1650618,24,5.88,5,0,0,141,3,5,76595,,40405,India v Australia U19 1-day 2026 - Men,2,225,Australia U19 Men,229,India U19 Men,8829404,2026-09-21T09:34:04Z,5,144.0,False,22138,Chigurupati Venkata,22141,Jack Czosnek,22146,Blake Cattle,2,0,2,2,0,Null,NotReferred,Null,False,False,False,False,False,True,False,False,True,False,False,False,2,0,0,0,0,False,False,,,,,,,,,,
1650618,24,5.88,5,0,0,141,3,5,76595,,40405,India v Australia U19 1-day 2026 - Men,2,225,Australia U19 Men,229,India U19 Men,8829405,2026-09-21T09:34:07Z,6,145.0,False,22138,Chigurupati Venkata,22141,Jack Czosnek,22146,Blake Cattle,1,0,1,1,0,Null,NotReferred,Null,False,False,False,False,False,True,False,False,True,False,False,False,1,0,0,0,0,False,False,,,,,,,,,,
1650619,25,6.32,17,0,0,158,3,17,76595,,40405,India v Australia U19 1-day 2026 - Men,2,225,Australia U19 Men,229,India U19 Men,8829406,2026-09-21T09:36:42Z,1,146.0,False,22134,Yashbardhan Chauhan,22141,Jack Czosnek,22146,Blake Cattle,2,0,2,2,0,Null,NotReferred,Null,False,False,False,False,False,True,False,False,True,False,False,False,2,0,0,0,0,False,False,,,,,,,,,,
1650619,25,6.32,17,0,0,158,3,17,76595,,40405,India v Australia U19 1-day 2026 - Men,2,225,Australia U19 Men,229,India U19 Men,8829407,2026-09-21T09:36:45Z,2,2.0,False,22134,Yashbardhan Chauhan,22141,Jack Czosnek,22146,Blake Cattle,6,0,6,6,0,Null,NotReferred,Null,False,False,False,False,False,True,False,False,True,False,False,False,6,0,0,0,0,True,False,,,,,,,,,,
1650619,25,6.32,17,0,0,158,3,17,76595,,40405,India v Australia U19 1-day 2026 - Men,2,225,Australia U19 Men,229,India U19 Men,8829408,2026-09-21T09:36:49Z,3,3.0,False,22134,Yashbardhan Chauhan,22141,Jack Czosnek,22146,Blake Cattle,1,0,1,1,0,Null,NotReferred,Null,False,False,False,False,False,True,False,False,True,False,False,False,1,0,0,0,0,False,False,,,,,,,,,,
1650619,25,6.32,17,0,0,158,3,17,76595,,40405,India v Australia U19 1-day 2026 - Men,2,225,Australia U19 Men,229,India U19 Men,8829409,2026-09-21T09:36:55Z,4,149.0,False,22134,Yashbardhan Chauhan,22146,Blake Cattle,22141,Jack Czosnek,1,0,1,1,0,Null,NotReferred,Null,False,False,False,False,False,True,False,False,True,False,False,False,1,0,0,0,0,False,False,,,,,,,,,,
1650619,25,6.32,17,0,0,158,3,17,76595,,40405,India v Australia U19 1-day 2026 - Men,2,225,Australia U19 Men,229,India U19 Men,8829410,2026-09-21T09:38:03Z,5,150.0,False,22134,Yashbardhan Chauhan,22141,Jack Czosnek,22146,Blake Cattle,1,0,1,1,0,Null,NotReferred,Null,False,False,False,False,False,True,False,False,True,False,False,False,1,0,0,0,0,False,False,,,,,,,,,,
1650619,25,6.32,17,0,0,158,3,17,76595,,40405,India v Australia U19 1-day 2026 - Men,2,225,Australia U19 Men,229,India U19 Men,8829411,2026-09-21T09:38:06Z,6,151.0,False,22134,Yashbardhan Chauhan,22146,Blake Cattle,22141,Jack Czosnek,6,0,6,6,0,Null,NotReferred,Null,False,False,False,False,False,True,False,False,True,False,False,False,6,0,0,0,0,True,False,,,,,,,,,,
1650620,26,6.58,13,0,0,171,3,13,76595,,40405,India v Australia U19 1-day 2026 - Men,2,225,Australia U19 Men,229,India U19 Men,8829412,2026-09-21T09:39:39Z,1,152.0,False,22138,Chigurupati Venkata,22141,Jack Czosnek,22146,Blake Cattle,4,0,4,4,0,Null,NotReferred,Null,False,False,False,False,False,True,False,False,True,False,False,False,4,0,0,0,0,True,False,,,,,,,,,,
1650620,26,6.58,13,0,0,171,3,13,76595,,40405,India v Australia U19 1-day 2026 - Men,2,225,Australia U19 Men,229,India U19 Men,8829413,2026-09-21T09:40:25Z,2,153.0,False,22138,Chigurupati Venkata,22141,Jack Czosnek,22146,Blake Cattle,6,0,6,6,0,Null,NotReferred,Null,False,False,False,False,False,True,False,False,True,False,False,False,6,0,0,0,0,True,False,,,,,,,,,,
1650620,26,6.58,13,0,0,171,3,13,76595,,40405,India v Australia U19 1-day 2026 - Men,2,225,Australia U19 Men,229,India U19 Men,8829414,2026-09-21T09:43:12Z,3,154.0,False,22138,Chigurupati Venkata,22141,Jack Czosnek,22146,Blake Cattle,1,0,1,1,0,Null,NotReferred,Null,False,False,False,False,False,True,False,False,True,False,False,False,1,0,0,0,0,False,False,,,,,,,,,,
1650620,26,6.58,13,0,0,171,3,13,76595,,40405,India v Australia U19 1-day 2026 - Men,2,225,Australia U19 Men,229,India U19 Men,8829415,2026-09-21T09:43:57Z,4,155.0,False,22138,Chigurupati Venkata,22146,Blake Cattle,22141,Jack Czosnek,0,0,0,0,0,Null,NotReferred,Null,False,False,False,False,False,True,False,False,True,False,False,False,0,0,0,0,0,False,False,,,,,,,,,,
1650620,26,6.58,13,0,0,171,3,13,76595,,40405,India v Australia U19 1-day 2026 - Men,2,225,Australia U19 Men,229,India U19 Men,8829416,2026-09-21T09:44:27Z,5,156.0,False,22138,Chigurupati Venkata,22146,Blake Cattle,22141,Jack Czosnek,2,0,2,2,0,Null,NotReferred,Null,False,False,False,False,False,True,False,False,True,False,False,False,2,0,0,0,0,False,False,,,,,,,,,,
1650621,27,6.37,1,1,0,172,4,1,76595,,40405,India v Australia U19 1-day 2026 - Men,2,225,Australia U19 Men,229,India U19 Men,8829417,2026-09-21T09:47:09Z,1,157.0,False,22154,Kavya Patel,22141,Jack Czosnek,22146,Blake Cattle,0,0,0,0,0,Null,NotReferred,Null,False,False,False,False,False,True,False,False,True,False,False,False,0,0,0,0,0,False,False,,,,,,,,,,
1650621,27,6.37,1,1,0,172,4,1,76595,,40405,India v Australia U19 1-day 2026 - Men,2,225,Australia U19 Men,229,India U19 Men,8829418,2026-09-21T09:48:17Z,2,158.0,True,22154,Kavya Patel,22141,Jack Czosnek,22146,Blake Cattle,0,0,0,0,0,Null,NotReferred,Null,False,False,False,False,False,True,False,False,True,False,False,False,0,0,0,0,0,False,False,Caught,22141.0,Jack Czosnek,Caught,Caught,,,,,
1650621,27,6.37,1,1,0,172,4,1,76595,,40405,India v Australia U19 1-day 2026 - Men,2,225,Australia U19 Men,229,India U19 Men,8829419,2026-09-21T09:49:00Z,3,159.0,False,22154,Kavya Patel,17140,Zed Hollick,22146,Blake Cattle,0,0,0,0,0,Null,NotReferred,Null,False,False,False,False,False,True,False,False,True,False,False,False,0,0,0,0,0,False,False,,,,,,,,,,
1650621,27,6.37,1,1,0,172,4,1,76595,,40405,India v Australia U19 1-day 2026 - Men,2,225,Australia U19 Men,229,India U19 Men,8829420,2026-09-21T09:50:06Z,4,160.0,False,22154,Kavya Patel,17140,Zed Hollick,22146,Blake Cattle,0,0,0,0,0,Null,NotReferred,Null,False,False,False,False,False,True,False,False,True,False,False,False,0,0,0,0,0,False,False,,,,,,,,,,
1650621,27,6.37,1,1,0,172,4,1,76595,,40405,India v Australia U19 1-day 2026 - Men,2,225,Australia U19 Men,229,India U19 Men,8829421,2026-09-21T09:50:09Z,5,161.0,False,22154,Kavya Patel,17140,Zed Hollick,22146,Blake Cattle,0,0,0,0,0,Null,NotReferred,Null,False,False,False,False,False,True,False,False,True,False,False,False,0,0,0,0,0,False,False,,,,,,,,,,
1650621,27,6.37,1,1,0,172,4,1,76595,,40405,India v Australia U19 1-day 2026 - Men,2,225,Australia U19 Men,229,India U19 Men,8829422,2026-09-21T09:50:47Z,6,162.0,False,22154,Kavya Patel,17140,Zed Hollick,22146,Blake Cattle,1,0,1,1,0,Null,NotReferred,Null,False,False,False,False,False,True,False,False,True,False,False,False,1,0,0,0,0,False,False,,,,,,,,,,
1650622,28,6.14,0,0,0,172,4,0,76595,,40405,India v Australia U19 1-day 2026 - Men,2,225,Australia U19 Men,229,India U19 Men,8829423,2026-09-21T09:52:01Z,1,163.0,False,22136,Manal Chauhan,17140,Zed Hollick,22146,Blake Cattle,0,0,0,0,0,Null,NotReferred,Null,False,False,False,False,False,True,False,False,True,False,False,False,0,0,0,0,0,False,False,,,,,,,,,,
1650622,28,6.14,0,0,0,172,4,0,76595,,40405,India v Australia U19 1-day 2026 - Men,2,225,Australia U19 Men,229,India U19 Men,8829424,2026-09-21T09:52:18Z,2,164.0,False,22136,Manal Chauhan,17140,Zed Hollick,22146,Blake Cattle,0,0,0,0,0,Null,NotReferred,Null,False,False,False,False,False,True,False,False,True,False,False,False,0,0,0,0,0,False,False,,,,,,,,,,
1650622,28,6.14,0,0,0,172,4,0,76595,,40405,India v Australia U19 1-day 2026 - Men,2,225,Australia U19 Men,229,India U19 Men,8829425,2026-09-21T09:52:32Z,3,165.0,False,22136,Manal Chauhan,17140,Zed Hollick,22146,Blake Cattle,0,0,0,0,0,Null,NotReferred,Null,False,False,False,False,False,True,False,False,True,False,False,False,0,0,0,0,0,False,False,,,,,,,,,,
1650622,28,6.14,0,0,0,172,4,0,76595,,40405,India v Australia U19 1-day 2026 - Men,2,225,Australia U19 Men,229,India U19 Men,8829426,2026-09-21T09:53:03Z,4,166.0,False,22136,Manal Chauhan,17140,Zed Hollick,22146,Blake Cattle,0,0,0,0,0,Null,NotReferred,Null,False,False,False,False,False,True,False,False,True,False,False,False,0,0,0,0,0,False,False,,,,,,,,,,
1650622,28,6.14,0,0,0,172,4,0,76595,,40405,India v Australia U19 1-day 2026 - Men,2,225,Australia U19 Men,229,India U19 Men,8829427,2026-09-21T09:53:19Z,5,167.0,False,22136,Manal Chauhan,17140,Zed Hollick,22146,Blake Cattle,0,0,0,0,0,Null,NotReferred,Null,False,False,False,False,False,True,False,False,True,False,False,False,0,0,0,0,0,False,False,,,,,,,,,,
1650622,28,6.14,0,0,0,172,4,0,76595,,40405,India v Australia U19 1-day 2026 - Men,2,225,Australia U19 Men,229,India U19 Men,8829428,2026-09-21T09:53:32Z,6,168.0,False,22136,Manal Chauhan,17140,Zed Hollick,22146,Blake Cattle,0,0,0,0,0,Null,NotReferred,Null,False,False,False,False,False,True,False,False,True,False,False,False,0,0,0,0,0,False,False,,,,,,,,,,
1650623,29,6.14,6,0,0,178,4,6,76595,,40405,India v Australia U19 1-day 2026 - Men,2,225,Australia U19 Men,229,India U19 Men,8829429,2026-09-21T09:54:49Z,1,169.0,False,22154,Kavya Patel,22146,Blake Cattle,17140,Zed Hollick,4,0,4,4,0,Null,NotReferred,Null,False,False,False,False,False,True,False,False,True,False,False,False,4,0,0,0,0,True,False,,,,,,,,,,
1650623,29,6.14,6,0,0,178,4,6,76595,,40405,India v Australia U19 1-day 2026 - Men,2,225,Australia U19 Men,229,India U19 Men,8829430,2026-09-21T09:55:06Z,2,170.0,False,22154,Kavya Patel,22146,Blake Cattle,17140,Zed Hollick,0,0,0,0,0,Null,NotReferred,Null,False,False,False,False,False,True,False,False,True,False,False,False,0,0,0,0,0,False,False,,,,,,,,,,
1650623,29,6.14,6,0,0,178,4,6,76595,,40405,India v Australia U19 1-day 2026 - Men,2,225,Australia U19 Men,229,India U19 Men,8829431,2026-09-21T09:55:49Z,3,171.0,False,22154,Kavya Patel,22146,Blake Cattle,17140,Zed Hollick,0,0,0,0,0,Null,NotReferred,Null,False,False,False,False,False,True,False,False,True,False,False,False,0,0,0,0,0,False,False,,,,,,,,,,
1650623,29,6.14,6,0,0,178,4,6,76595,,40405,India v Australia U19 1-day 2026 - Men,2,225,Australia U19 Men,229,India U19 Men,8829432,2026-09-21T09:56:35Z,4,4.0,False,22154,Kavya Patel,22146,Blake Cattle,17140,Zed Hollick,1,0,1,1,0,Null,NotReferred,Null,False,False,False,False,False,True,False,False,True,False,False,False,1,0,0,0,0,False,False,,,,,,,,,,
1650623,29,6.14,6,0,0,178,4,6,76595,,40405,India v Australia U19 1-day 2026 - Men,2,225,Australia U19 Men,229,India U19 Men,8829433,2026-09-21T09:57:19Z,5,173.0,False,22154,Kavya Patel,17140,Zed Hollick,22146,Blake Cattle,1,0,1,1,0,Null,NotReferred,Null,False,False,False,False,False,True,False,False,True,False,False,False,1,0,0,0,0,False,False,,,,,,,,,,
1650623,29,6.14,6,0,0,178,4,6,76595,,40405,India v Australia U19 1-day 2026 - Men,2,225,Australia U19 Men,229,India U19 Men,8829434,2026-09-21T09:58:06Z,6,174.0,False,22154,Kavya Patel,22146,Blake Cattle,17140,Zed Hollick,0,0,0,0,0,Null,NotReferred,Null,False,False,False,False,False,True,False,False,True,False,False,False,0,0,0,0,0,False,False,,,,,,,,,,
1650624,30,6.43,15,0,0,193,4,15,76595,,40405,India v Australia U19 1-day 2026 - Men,2,225,Australia U19 Men,229,India U19 Men,8829435,2026-09-21T09:59:22Z,1,175.0,False,22136,Manal Chauhan,17140,Zed Hollick,22146,Blake Cattle,4,0,4,4,0,Null,NotReferred,Null,False,False,False,False,False,True,False,False,True,False,False,False,4,0,0,0,0,True,False,,,,,,,,,,
1650624,30,6.43,15,0,0,193,4,15,76595,,40405,India v Australia U19 1-day 2026 - Men,2,225,Australia U19 Men,229,India U19 Men,8829436,2026-09-21T09:59:48Z,2,176.0,False,22136,Manal Chauhan,17140,Zed Hollick,22146,Blake Cattle,6,0,6,6,0,Null,NotReferred,Null,False,False,False,False,False,True,False,False,True,False,False,False,6,0,0,0,0,True,False,,,,,,,,,,
1650624,30,6.43,15,0,0,193,4,15,76595,,40405,India v Australia U19 1-day 2026 - Men,2,225,Australia U19 Men,229,India U19 Men,8829437,2026-09-21T10:00:22Z,3,177.0,False,22136,Manal Chauhan,17140,Zed Hollick,22146,Blake Cattle,1,0,1,1,0,Null,NotReferred,Null,False,False,False,False,False,True,False,False,True,False,False,False,1,0,0,0,0,False,False,,,,,,,,,,
1650624,30,6.43,15,0,0,193,4,15,76595,,40405,India v Australia U19 1-day 2026 - Men,2,225,Australia U19 Men,229,India U19 Men,8829438,2026-09-21T10:00:53Z,4,178.0,False,22136,Manal Chauhan,22146,Blake Cattle,17140,Zed Hollick,0,0,0,0,0,Null,NotReferred,Null,False,False,False,False,False,True,False,False,True,False,False,False,0,0,0,0,0,False,False,,,,,,,,,,
1650624,30,6.43,15,0,0,193,4,15,76595,,40405,India v Australia U19 1-day 2026 - Men,2,225,Australia U19 Men,229,India U19 Men,8829439,2026-09-21T10:01:58Z,5,179.0,False,22136,Manal Chauhan,22146,Blake Cattle,17140,Zed Hollick,4,0,4,4,0,Null,NotReferred,Null,False,False,False,False,False,True,False,False,True,False,False,False,4,0,0,0,0,True,False,,,,,,,,,,
1650624,30,6.43,15,0,0,193,4,15,76595,,40405,India v Australia U19 1-day 2026 - Men,2,225,Australia U19 Men,229,India U19 Men,8829440,2026-09-21T10:02:01Z,6,180.0,False,22136,Manal Chauhan,22146,Blake Cattle,17140,Zed Hollick,0,0,0,0,0,Null,NotReferred,Null,False,False,False,False,False,True,False,False,True,False,False,False,0,0,0,0,0,False,False,,,,,,,,,,
1650625,31,6.45,7,1,0,200,5,7,76595,,40405,India v Australia U19 1-day 2026 - Men,2,225,Australia U19 Men,229,India U19 Men,8829441,2026-09-21T10:02:38Z,1,181.0,False,22134,Yashbardhan Chauhan,17140,Zed Hollick,22146,Blake Cattle,0,0,0,0,0,Null,NotReferred,Null,False,False,False,False,False,True,False,False,True,False,False,False,0,0,0,0,0,False,False,,,,,,,,,,
1650625,31,6.45,7,1,0,200,5,7,76595,,40405,India v Australia U19 1-day 2026 - Men,2,225,Australia U19 Men,229,India U19 Men,8829442,2026-09-21T10:03:06Z,2,182.0,False,22134,Yashbardhan Chauhan,17140,Zed Hollick,22146,Blake Cattle,3,0,3,3,0,Null,NotReferred,Null,False,False,False,False,False,True,False,False,True,False,False,False,3,0,0,0,0,False,False,,,,,,,,,,
1650625,31,6.45,7,1,0,200,5,7,76595,,40405,India v Australia U19 1-day 2026 - Men,2,225,Australia U19 Men,229,India U19 Men,8829443,2026-09-21T10:03:38Z,3,183.0,False,22134,Yashbardhan Chauhan,22146,Blake Cattle,17140,Zed Hollick,0,0,0,0,0,Null,NotReferred,Null,False,False,False,False,False,True,False,False,True,False,False,False,0,0,0,0,0,False,False,,,,,,,,,,
1650625,31,6.45,7,1,0,200,5,7,76595,,40405,India v Australia U19 1-day 2026 - Men,2,225,Australia U19 Men,229,India U19 Men,8829444,2026-09-21T10:04:58Z,4,184.0,False,22134,Yashbardhan Chauhan,22146,Blake Cattle,17140,Zed Hollick,4,0,4,4,0,Null,NotReferred,Null,False,False,False,False,False,True,False,False,True,False,False,False,4,0,0,0,0,True,False,,,,,,,,,,
1650625,31,6.45,7,1,0,200,5,7,76595,,40405,India v Australia U19 1-day 2026 - Men,2,225,Australia U19 Men,229,India U19 Men,8829445,2026-09-21T10:05:58Z,5,185.0,True,22134,Yashbardhan Chauhan,22146,Blake Cattle,17140,Zed Hollick,0,0,0,0,0,Null,NotReferred,Null,False,False,False,False,False,True,False,False,True,False,False,False,0,0,0,0,0,False,False,Bowled,22146.0,Blake Cattle,Bowled,Bowled,,,,,
1650625,31,6.45,7,1,0,200,5,7,76595,,40405,India v Australia U19 1-day 2026 - Men,2,225,Australia U19 Men,229,India U19 Men,8829446,2026-09-21T10:06:59Z,6,186.0,False,22134,Yashbardhan Chauhan,22156,Connor Gregory,17140,Zed Hollick,0,0,0,0,0,Null,NotReferred,Null,False,False,False,False,False,True,False,False,True,False,False,False,0,0,0,0,0,False,False,,,,,,,,,,
1650626,32,6.34,3,0,0,203,5,3,76595,,40405,India v Australia U19 1-day 2026 - Men,2,225,Australia U19 Men,229,India U19 Men,8829447,2026-09-21T10:09:59Z,1,187.0,False,22153,VK Vineeth,17140,Zed Hollick,22156,Connor Gregory,2,0,2,2,0,Null,NotReferred,Null,False,False,False,False,False,True,False,False,True,False,False,False,2,0,0,0,0,False,False,,,,,,,,,,
1650626,32,6.34,3,0,0,203,5,3,76595,,40405,India v Australia U19 1-day 2026 - Men,2,225,Australia U19 Men,229,India U19 Men,8829448,2026-09-21T10:10:02Z,2,188.0,False,22153,VK Vineeth,17140,Zed Hollick,22156,Connor Gregory,0,0,0,0,0,Null,NotReferred,Null,False,False,False,False,False,True,False,False,True,False,False,False,0,0,0,0,0,False,False,,,,,,,,,,
1650626,32,6.34,3,0,0,203,5,3,76595,,40405,India v Australia U19 1-day 2026 - Men,2,225,Australia U19 Men,229,India U19 Men,8829449,2026-09-21T10:10:06Z,3,189.0,False,22153,VK Vineeth,17140,Zed Hollick,22156,Connor Gregory,1,0,1,1,0,Null,NotReferred,Null,False,False,False,False,False,True,False,False,True,False,False,False,1,0,0,0,0,False,False,,,,,,,,,,
1650626,32,6.34,3,0,0,203,5,3,76595,,40405,India v Australia U19 1-day 2026 - Men,2,225,Australia U19 Men,229,India U19 Men,8829450,2026-09-21T10:10:09Z,4,190.0,False,22153,VK Vineeth,22156,Connor Gregory,17140,Zed Hollick,0,0,0,0,0,Null,NotReferred,Null,False,False,False,False,False,True,False,False,True,False,False,False,0,0,0,0,0,False,False,,,,,,,,,,
1650626,32,6.34,3,0,0,203,5,3,76595,,40405,India v Australia U19 1-day 2026 - Men,2,225,Australia U19 Men,229,India U19 Men,8829451,2026-09-21T10:10:13Z,5,191.0,False,22153,VK Vineeth,22156,Connor Gregory,17140,Zed Hollick,0,0,0,0,0,Null,NotReferred,Null,False,False,False,False,False,True,False,False,True,False,False,False,0,0,0,0,0,False,False,,,,,,,,,,
1650626,32,6.34,3,0,0,203,5,3,76595,,40405,India v Australia U19 1-day 2026 - Men,2,225,Australia U19 Men,229,India U19 Men,8829452,2026-09-21T10:10:18Z,6,192.0,False,22153,VK Vineeth,22156,Connor Gregory,17140,Zed Hollick,0,0,0,0,0,Null,NotReferred,Null,False,False,False,False,False,True,False,False,True,False,False,False,0,0,0,0,0,False,False,,,,,,,,,,
1650627,33,6.39,8,0,0,211,5,8,76595,,40405,India v Australia U19 1-day 2026 - Men,2,225,Australia U19 Men,229,India U19 Men,8829453,2026-09-21T10:11:58Z,1,193.0,False,22134,Yashbardhan Chauhan,17140,Zed Hollick,22156,Connor Gregory,0,0,0,0,0,Null,NotReferred,Null,False,False,False,False,False,True,False,False,True,False,False,False,0,0,0,0,0,False,False,,,,,,,,,,
1650627,33,6.39,8,0,0,211,5,8,76595,,40405,India v Australia U19 1-day 2026 - Men,2,225,Australia U19 Men,229,India U19 Men,8829454,2026-09-21T10:12:01Z,2,194.0,False,22134,Yashbardhan Chauhan,17140,Zed Hollick,22156,Connor Gregory,0,0,0,0,0,Null,NotReferred,Null,False,False,False,False,False,True,False,False,True,False,False,False,0,0,0,0,0,False,False,,,,,,,,,,
1650627,33,6.39,8,0,0,211,5,8,76595,,40405,India v Australia U19 1-day 2026 - Men,2,225,Australia U19 Men,229,India U19 Men,8829455,2026-09-21T10:12:04Z,3,195.0,False,22134,Yashbardhan Chauhan,17140,Zed Hollick,22156,Connor Gregory,4,0,4,4,0,Null,NotReferred,Null,False,False,False,False,False,True,False,False,True,False,False,False,4,0,0,0,0,True,False,,,,,,,,,,
1650627,33,6.39,8,0,0,211,5,8,76595,,40405,India v Australia U19 1-day 2026 - Men,2,225,Australia U19 Men,229,India U19 Men,8829456,2026-09-21T10:12:59Z,4,196.0,False,22134,Yashbardhan Chauhan,17140,Zed Hollick,22156,Connor Gregory,4,0,4,4,0,Null,NotReferred,Null,False,False,False,False,False,True,False,False,True,False,False,False,4,0,0,0,0,True,False,,,,,,,,,,
1650627,33,6.39,8,0,0,211,5,8,76595,,40405,India v Australia U19 1-day 2026 - Men,2,225,Australia U19 Men,229,India U19 Men,8829457,2026-09-21T10:13:02Z,5,197.0,False,22134,Yashbardhan Chauhan,17140,Zed Hollick,22156,Connor Gregory,0,0,0,0,0,Null,NotReferred,Null,False,False,False,False,False,True,False,False,True,False,False,False,0,0,0,0,0,False,False,,,,,,,,,,
1650627,33,6.39,8,0,0,211,5,8,76595,,40405,India v Australia U19 1-day 2026 - Men,2,225,Australia U19 Men,229,India U19 Men,8829458,2026-09-21T10:13:05Z,6,198.0,False,22134,Yashbardhan Chauhan,17140,Zed Hollick,22156,Connor Gregory,0,0,0,0,0,Null,NotReferred,Null,False,False,False,False,False,True,False,False,True,False,False,False,0,0,0,0,0,False,False,,,,,,,,,,
1650628,34,6.24,1,0,0,212,5,1,76595,,40405,India v Australia U19 1-day 2026 - Men,2,225,Australia U19 Men,229,India U19 Men,8829459,2026-09-21T10:19:58Z,4,199.0,False,22140,Mohit Ulva,22156,Connor Gregory,17140,Zed Hollick,1,0,1,1,0,Null,NotReferred,Null,False,False,False,False,False,True,False,False,True,False,False,False,1,0,0,0,0,False,False,,,,,,,,,,
1650628,34,6.24,1,0,0,212,5,1,76595,,40405,India v Australia U19 1-day 2026 - Men,2,225,Australia U19 Men,229,India U19 Men,8829460,2026-09-21T10:20:02Z,5,200.0,False,22140,Mohit Ulva,17140,Zed Hollick,22156,Connor Gregory,0,0,0,0,0,Null,NotReferred,Null,False,False,False,False,False,True,False,False,True,False,False,False,0,0,0,0,0,False,False,,,,,,,,,,
1650628,34,6.24,1,0,0,212,5,1,76595,,40405,India v Australia U19 1-day 2026 - Men,2,225,Australia U19 Men,229,India U19 Men,8829461,2026-09-21T10:20:59Z,6,201.0,False,22140,Mohit Ulva,17140,Zed Hollick,22156,Connor Gregory,0,0,0,0,0,Null,NotReferred,Null,False,False,False,False,False,True,False,False,True,False,False,False,0,0,0,0,0,False,False,,,,,,,,,,
1650629,35,6.11,2,0,0,214,5,2,76595,,40405,India v Australia U19 1-day 2026 - Men,2,225,Australia U19 Men,229,India U19 Men,8829462,2026-09-21T10:22:57Z,1,202.0,False,22134,Yashbardhan Chauhan,22156,Connor Gregory,17140,Zed Hollick,0,0,0,0,0,Null,NotReferred,Null,False,False,False,False,False,True,False,False,True,False,False,False,0,0,0,0,0,False,False,,,,,,,,,,
1650629,35,6.11,2,0,0,214,5,2,76595,,40405,India v Australia U19 1-day 2026 - Men,2,225,Australia U19 Men,229,India U19 Men,8829463,2026-09-21T10:23:01Z,2,203.0,False,22134,Yashbardhan Chauhan,22156,Connor Gregory,17140,Zed Hollick,0,0,0,0,0,Null,NotReferred,Null,False,False,False,False,False,True,False,False,True,False,False,False,0,0,0,0,0,False,False,,,,,,,,,,
1650629,35,6.11,2,0,0,214,5,2,76595,,40405,India v Australia U19 1-day 2026 - Men,2,225,Australia U19 Men,229,India U19 Men,8829464,2026-09-21T10:23:04Z,3,204.0,False,22134,Yashbardhan Chauhan,22156,Connor Gregory,17140,Zed Hollick,0,0,0,0,0,Null,NotReferred,Null,False,False,False,False,False,True,False,False,True,False,False,False,0,0,0,0,0,False,False,,,,,,,,,,
1650629,35,6.11,2,0,0,214,5,2,76595,,40405,India v Australia U19 1-day 2026 - Men,2,225,Australia U19 Men,229,India U19 Men,8829465,2026-09-21T10:23:08Z,4,205.0,False,22134,Yashbardhan Chauhan,22156,Connor Gregory,17140,Zed Hollick,0,0,0,0,0,Null,NotReferred,Null,False,False,False,False,False,True,False,False,True,False,False,False,0,0,0,0,0,False,False,,,,,,,,,,
1650629,35,6.11,2,0,0,214,5,2,76595,,40405,India v Australia U19 1-day 2026 - Men,2,225,Australia U19 Men,229,India U19 Men,8829466,2026-09-21T10:23:11Z,5,206.0,False,22134,Yashbardhan Chauhan,22156,Connor Gregory,17140,Zed Hollick,1,0,1,1,0,Null,NotReferred,Null,False,False,False,False,False,True,False,False,True,False,False,False,1,0,0,0,0,False,False,,,,,,,,,,
1650629,35,6.11,2,0,0,214,5,2,76595,,40405,India v Australia U19 1-day 2026 - Men,2,225,Australia U19 Men,229,India U19 Men,8829467,2026-09-21T10:23:14Z,6,207.0,False,22134,Yashbardhan Chauhan,17140,Zed Hollick,22156,Connor Gregory,1,0,1,1,0,Null,NotReferred,Null,False,False,False,False,False,True,False,False,True,False,False,False,1,0,0,0,0,False,False,,,,,,,,,,
1650630,36,6.06,4,0,0,218,5,4,76595,,40405,India v Australia U19 1-day 2026 - Men,2,225,Australia U19 Men,229,India U19 Men,8829468,2026-09-21T10:24:13Z,1,208.0,False,22140,Mohit Ulva,17140,Zed Hollick,22156,Connor Gregory,0,0,0,0,0,Null,NotReferred,Null,False,False,False,False,False,True,False,False,True,False,False,False,0,0,0,0,0,False,False,,,,,,,,,,
1650630,36,6.06,4,0,0,218,5,4,76595,,40405,India v Australia U19 1-day 2026 - Men,2,225,Australia U19 Men,229,India U19 Men,8829469,2026-09-21T10:24:16Z,2,209.0,False,22140,Mohit Ulva,17140,Zed Hollick,22156,Connor Gregory,0,0,0,0,0,Null,NotReferred,Null,False,False,False,False,False,True,False,False,True,False,False,False,0,0,0,0,0,False,False,,,,,,,,,,
1650630,36,6.06,4,0,0,218,5,4,76595,,40405,India v Australia U19 1-day 2026 - Men,2,225,Australia U19 Men,229,India U19 Men,8829470,2026-09-21T10:25:36Z,3,210.0,False,22140,Mohit Ulva,17140,Zed Hollick,22156,Connor Gregory,1,0,1,1,0,Null,NotReferred,Null,False,False,False,False,False,True,False,False,True,False,False,False,1,0,0,0,0,False,False,,,,,,,,,,
1650630,36,6.06,4,0,0,218,5,4,76595,,40405,India v Australia U19 1-day 2026 - Men,2,225,Australia U19 Men,229,India U19 Men,8829471,2026-09-21T10:26:59Z,4,211.0,False,22140,Mohit Ulva,22156,Connor Gregory,17140,Zed Hollick,1,0,1,1,0,Null,NotReferred,Null,False,False,False,False,False,True,False,False,True,False,False,False,1,0,0,0,0,False,False,,,,,,,,,,
1650630,36,6.06,4,0,0,218,5,4,76595,,40405,India v Australia U19 1-day 2026 - Men,2,225,Australia U19 Men,229,India U19 Men,8829472,2026-09-21T10:27:02Z,5,212.0,False,22140,Mohit Ulva,17140,Zed Hollick,22156,Connor Gregory,1,0,1,1,0,Null,NotReferred,Null,False,False,False,False,False,True,False,False,True,False,False,False,1,0,0,0,0,False,False,,,,,,,,,,
1650630,36,6.06,4,0,0,218,5,4,76595,,40405,India v Australia U19 1-day 2026 - Men,2,225,Australia U19 Men,229,India U19 Men,8829473,2026-09-21T10:27:58Z,6,213.0,False,22140,Mohit Ulva,22156,Connor Gregory,17140,Zed Hollick,1,0,1,1,0,Null,NotReferred,Null,False,False,False,False,False,True,False,False,True,False,False,False,1,0,0,0,0,False,False,,,,,,,,,,
1650631,37,5.95,2,1,0,220,6,2,76595,,40405,India v Australia U19 1-day 2026 - Men,2,225,Australia U19 Men,229,India U19 Men,8829474,2026-09-21T10:29:58Z,1,214.0,True,22134,Yashbardhan Chauhan,22156,Connor Gregory,17140,Zed Hollick,0,0,0,0,0,Null,NotReferred,Null,False,False,False,False,False,True,False,False,True,False,False,False,0,0,0,0,0,False,False,Bowled,22156.0,Connor Gregory,Bowled,Bowled,,,,,
1650631,37,5.95,2,1,0,220,6,2,76595,,40405,India v Australia U19 1-day 2026 - Men,2,225,Australia U19 Men,229,India U19 Men,8829475,2026-09-21T10:30:38Z,2,2.0,False,22134,Yashbardhan Chauhan,22157,Jacob Pietz,17140,Zed Hollick,0,0,0,0,0,Null,NotReferred,Null,False,False,False,False,False,True,False,False,True,False,False,False,0,0,0,0,0,False,False,,,,,,,,,,
1650631,37,5.95,2,1,0,220,6,2,76595,,40405,India v Australia U19 1-day 2026 - Men,2,225,Australia U19 Men,229,India U19 Men,8829476,2026-09-21T10:31:58Z,3,216.0,False,22134,Yashbardhan Chauhan,22157,Jacob Pietz,17140,Zed Hollick,0,0,0,0,0,Null,NotReferred,Null,False,False,False,False,False,True,False,False,True,False,False,False,0,0,0,0,0,False,False,,,,,,,,,,
1650631,37,5.95,2,1,0,220,6,2,76595,,40405,India v Australia U19 1-day 2026 - Men,2,225,Australia U19 Men,229,India U19 Men,8829477,2026-09-21T10:32:01Z,4,217.0,False,22134,Yashbardhan Chauhan,22157,Jacob Pietz,17140,Zed Hollick,0,1,1,0,0,Null,NotReferred,Null,False,False,True,False,False,True,False,False,True,False,False,False,1,1,0,0,0,False,False,,,,,,,,,,
1650631,37,5.95,2,1,0,220,6,2,76595,,40405,India v Australia U19 1-day 2026 - Men,2,225,Australia U19 Men,229,India U19 Men,8829478,2026-09-21T10:32:04Z,5,218.0,False,22134,Yashbardhan Chauhan,17140,Zed Hollick,22157,Jacob Pietz,0,0,0,0,0,Null,NotReferred,Null,False,False,False,False,False,True,False,False,True,False,False,False,0,0,0,0,0,False,False,,,,,,,,,,
1650631,37,5.95,2,1,0,220,6,2,76595,,40405,India v Australia U19 1-day 2026 - Men,2,225,Australia U19 Men,229,India U19 Men,8829479,2026-09-21T10:32:58Z,6,219.0,False,22134,Yashbardhan Chauhan,17140,Zed Hollick,22157,Jacob Pietz,1,0,1,1,0,Null,NotReferred,Null,False,False,False,False,False,True,False,False,True,False,False,False,1,0,0,0,0,False,False,,,,,,,,,,
1650632,38,5.95,6,1,0,226,7,6,76595,,40405,India v Australia U19 1-day 2026 - Men,2,225,Australia U19 Men,229,India U19 Men,8829480,2026-09-21T10:34:57Z,1,220.0,False,22138,Chigurupati Venkata,17140,Zed Hollick,22157,Jacob Pietz,2,0,2,2,0,Null,NotReferred,Null,False,False,False,False,False,True,False,False,True,False,False,False,2,0,0,0,0,False,False,,,,,,,,,,
1650632,38,5.95,6,1,0,226,7,6,76595,,40405,India v Australia U19 1-day 2026 - Men,2,225,Australia U19 Men,229,India U19 Men,8829481,2026-09-21T10:35:01Z,2,2.0,False,22138,Chigurupati Venkata,17140,Zed Hollick,22157,Jacob Pietz,0,0,0,0,0,Null,NotReferred,Null,False,False,False,False,False,True,False,False,True,False,False,False,0,0,0,0,0,False,False,,,,,,,,,,
1650632,38,5.95,6,1,0,226,7,6,76595,,40405,India v Australia U19 1-day 2026 - Men,2,225,Australia U19 Men,229,India U19 Men,8829482,2026-09-21T10:36:58Z,3,222.0,True,22138,Chigurupati Venkata,17140,Zed Hollick,22157,Jacob Pietz,0,0,0,0,0,Null,NotReferred,Null,False,False,False,False,False,True,False,False,True,False,False,False,0,0,0,0,0,False,False,Caught,17140.0,Zed Hollick,Caught,Caught,,,,,
1650632,38,5.95,6,1,0,226,7,6,76595,,40405,India v Australia U19 1-day 2026 - Men,2,225,Australia U19 Men,229,India U19 Men,8829483,2026-09-21T10:37:02Z,4,223.0,False,22138,Chigurupati Venkata,22158,Patrick Sullivan,22157,Jacob Pietz,0,0,0,0,0,Null,NotReferred,Null,False,False,False,False,False,True,False,False,True,False,False,False,0,0,0,0,0,False,False,,,,,,,,,,
1650632,38,5.95,6,1,0,226,7,6,76595,,40405,India v Australia U19 1-day 2026 - Men,2,225,Australia U19 Men,229,India U19 Men,8829484,2026-09-21T10:37:58Z,5,224.0,False,22138,Chigurupati Venkata,22158,Patrick Sullivan,22157,Jacob Pietz,4,0,4,4,0,Null,NotReferred,Null,False,False,False,False,False,True,False,False,True,False,False,False,4,0,0,0,0,True,False,,,,,,,,,,
1650632,38,5.95,6,1,0,226,7,6,76595,,40405,India v Australia U19 1-day 2026 - Men,2,225,Australia U19 Men,229,India U19 Men,8829485,2026-09-21T10:38:02Z,6,6.0,False,22138,Chigurupati Venkata,22158,Patrick Sullivan,22157,Jacob Pietz,0,0,0,0,0,Null,NotReferred,Null,False,False,False,False,False,True,False,False,True,False,False,False,0,0,0,0,0,False,False,,,,,,,,,,
1650633,39,5.87,3,0,0,229,7,3,76595,,40405,India v Australia U19 1-day 2026 - Men,2,225,Australia U19 Men,229,India U19 Men,8829486,2026-09-21T10:39:57Z,1,226.0,False,22134,Yashbardhan Chauhan,22157,Jacob Pietz,22158,Patrick Sullivan,0,0,0,0,0,Null,NotReferred,Null,False,False,False,False,False,True,False,False,True,False,False,False,0,0,0,0,0,False,False,,,,,,,,,,
1650633,39,5.87,3,0,0,229,7,3,76595,,40405,India v Australia U19 1-day 2026 - Men,2,225,Australia U19 Men,229,India U19 Men,8829487,2026-09-21T10:40:01Z,2,2.0,False,22134,Yashbardhan Chauhan,22157,Jacob Pietz,22158,Patrick Sullivan,1,0,1,1,0,Null,NotReferred,Null,False,False,False,False,False,True,False,False,True,False,False,False,1,0,0,0,0,False,False,,,,,,,,,,
1650633,39,5.87,3,0,0,229,7,3,76595,,40405,India v Australia U19 1-day 2026 - Men,2,225,Australia U19 Men,229,India U19 Men,8829488,2026-09-21T10:40:04Z,3,228.0,False,22134,Yashbardhan Chauhan,22158,Patrick Sullivan,22157,Jacob Pietz,1,0,1,1,0,Null,NotReferred,Null,False,False,False,False,False,True,False,False,True,False,False,False,1,0,0,0,0,False,False,,,,,,,,,,
1650633,39,5.87,3,0,0,229,7,3,76595,,40405,India v Australia U19 1-day 2026 - Men,2,225,Australia U19 Men,229,India U19 Men,8829489,2026-09-21T10:40:08Z,4,229.0,False,22134,Yashbardhan Chauhan,22157,Jacob Pietz,22158,Patrick Sullivan,0,0,0,0,0,Null,NotReferred,Null,False,False,False,False,False,True,False,False,True,False,False,False,0,0,0,0,0,False,False,,,,,,,,,,
1650633,39,5.87,3,0,0,229,7,3,76595,,40405,India v Australia U19 1-day 2026 - Men,2,225,Australia U19 Men,229,India U19 Men,8829490,2026-09-21T10:40:57Z,5,230.0,False,22134,Yashbardhan Chauhan,22157,Jacob Pietz,22158,Patrick Sullivan,1,0,1,1,0,Null,NotReferred,Null,False,False,False,False,False,True,False,False,True,False,False,False,1,0,0,0,0,False,False,,,,,,,,,,
1650633,39,5.87,3,0,0,229,7,3,76595,,40405,India v Australia U19 1-day 2026 - Men,2,225,Australia U19 Men,229,India U19 Men,8829491,2026-09-21T10:41:01Z,6,6.0,False,22134,Yashbardhan Chauhan,22158,Patrick Sullivan,22157,Jacob Pietz,0,0,0,0,0,Null,NotReferred,Null,False,False,False,False,False,True,False,False,True,False,False,False,0,0,0,0,0,False,False,,,,,,,,,,
1650634,40,5.92,8,1,0,237,8,8,76595,,40405,India v Australia U19 1-day 2026 - Men,2,225,Australia U19 Men,229,India U19 Men,8829504,2026-09-21T11:43:24Z,1,232.0,False,22138,Chigurupati Venkata,22157,Jacob Pietz,22158,Patrick Sullivan,1,0,1,1,0,Null,NotReferred,Null,False,False,False,False,False,True,False,False,False,False,False,False,1,0,0,0,0,False,False,,,,,,Right,Over,NoMovement,FastSeam,Right
1650634,40,5.92,8,1,0,237,8,8,76595,,40405,India v Australia U19 1-day 2026 - Men,2,225,Australia U19 Men,229,India U19 Men,8829492,2026-09-21T10:43:36Z,2,233.0,False,22138,Chigurupati Venkata,22158,Patrick Sullivan,22157,Jacob Pietz,1,0,1,1,0,Null,NotReferred,Null,False,False,False,False,False,True,False,False,True,False,False,False,1,0,0,0,0,False,False,,,,,,,Over,,,
1650634,40,5.92,8,1,0,237,8,8,76595,,40405,India v Australia U19 1-day 2026 - Men,2,225,Australia U19 Men,229,India U19 Men,8829493,2026-09-21T10:43:36Z,3,234.0,False,22138,Chigurupati Venkata,22157,Jacob Pietz,22158,Patrick Sullivan,6,0,6,6,0,Null,NotReferred,Null,False,False,False,False,False,True,False,False,True,False,False,False,6,0,0,0,0,True,False,,,,,,,Over,,,
1650634,40,5.92,8,1,0,237,8,8,76595,,40405,India v Australia U19 1-day 2026 - Men,2,225,Australia U19 Men,229,India U19 Men,8829494,2026-09-21T10:43:40Z,4,235.0,False,22138,Chigurupati Venkata,22157,Jacob Pietz,22158,Patrick Sullivan,1,0,1,1,0,Null,NotReferred,Null,False,False,False,False,False,True,False,False,True,False,False,False,1,0,0,0,0,False,False,,,,,,,Over,,,
1650634,40,5.92,8,1,0,237,8,8,76595,,40405,India v Australia U19 1-day 2026 - Men,2,225,Australia U19 Men,229,India U19 Men,8829495,2026-09-21T10:43:58Z,5,236.0,True,22138,Chigurupati Venkata,22158,Patrick Sullivan,22157,Jacob Pietz,0,0,0,0,0,Null,NotReferred,Null,False,False,False,False,False,True,False,False,True,False,False,False,0,0,0,0,0,False,False,Caught,22158.0,Patrick Sullivan,Caught,Caught,,Over,,,
1650634,40,5.92,8,1,0,237,8,8,76595,,40405,India v Australia U19 1-day 2026 - Men,2,225,Australia U19 Men,229,India U19 Men,8829496,2026-09-21T10:45:21Z,6,237.0,False,22138,Chigurupati Venkata,22147,Thomas Vaseo,22157,Jacob Pietz,0,0,0,0,0,Null,NotReferred,Null,False,False,False,False,False,True,False,False,True,False,False,False,0,0,0,0,0,False,False,,,,,,Right,Over,,,
1650635,41,5.83,1,1,0,239,9,1,76595,,40405,India v Australia U19 1-day 2026 - Men,2,225,Australia U19 Men,229,India U19 Men,8829497,2026-09-21T10:48:58Z,1,237.0,False,22137,V Yashveer,22157,Jacob Pietz,22147,Thomas Vaseo,1,0,1,1,0,Null,NotReferred,Null,False,False,False,False,False,True,False,False,True,False,False,False,1,0,0,0,0,False,False,,,,,,,,,,
1650635,41,5.83,1,1,0,239,9,1,76595,,40405,India v Australia U19 1-day 2026 - Men,2,225,Australia U19 Men,229,India U19 Men,8829498,2026-09-21T10:49:59Z,2,238.0,True,22137,V Yashveer,22147,Thomas Vaseo,22157,Jacob Pietz,0,0,0,0,0,Null,NotReferred,Null,False,False,False,False,False,True,False,False,True,False,False,False,0,0,0,0,0,False,False,Caught,22147.0,Thomas Vaseo,Caught,Caught,,,,,
1650635,41,5.83,1,1,0,239,9,1,76595,,40405,India v Australia U19 1-day 2026 - Men,2,225,Australia U19 Men,229,India U19 Men,8829499,2026-09-21T10:50:59Z,3,239.0,False,22137,V Yashveer,22159,Theo Tsingos,22157,Jacob Pietz,0,0,0,0,0,Null,NotReferred,Null,False,False,False,False,False,True,False,False,True,False,False,False,0,0,0,0,0,False,False,,,,,,,,,,
1650635,41,5.83,1,1,0,239,9,1,76595,,40405,India v Australia U19 1-day 2026 - Men,2,225,Australia U19 Men,229,India U19 Men,8829500,2026-09-21T10:51:03Z,4,240.0,False,22137,V Yashveer,22159,Theo Tsingos,22157,Jacob Pietz,0,0,0,0,0,Null,NotReferred,Null,False,False,False,False,False,True,False,False,True,False,False,False,0,0,0,0,0,False,False,,,,,,,,,,
1650635,41,5.83,1,1,0,239,9,1,76595,,40405,India v Australia U19 1-day 2026 - Men,2,225,Australia U19 Men,229,India U19 Men,8829501,2026-09-21T10:51:58Z,5,241.0,False,22137,V Yashveer,22159,Theo Tsingos,22157,Jacob Pietz,0,0,0,0,0,Null,NotReferred,Null,False,False,False,False,False,True,False,False,True,False,False,False,0,0,0,0,0,False,False,,,,,,,,,,
1650635,41,5.83,1,1,0,239,9,1,76595,,40405,India v Australia U19 1-day 2026 - Men,2,225,Australia U19 Men,229,India U19 Men,8829502,2026-09-21T10:52:02Z,6,242.0,False,22137,V Yashveer,22159,Theo Tsingos,22157,Jacob Pietz,0,0,0,0,0,Null,NotReferred,Null,False,False,False,False,False,True,False,False,True,False,False,False,0,0,0,0,0,False,False,,,,,,,,,,
1650636,42,5.69,0,1,0,239,10,0,76595,,40405,India v Australia U19 1-day 2026 - Men,2,225,Australia U19 Men,229,India U19 Men,8829503,2026-09-21T10:53:22Z,1,243.0,True,22136,Manal Chauhan,22157,Jacob Pietz,22159,Theo Tsingos,0,0,0,0,0,Null,NotReferred,Null,False,False,False,False,False,True,False,False,True,False,False,False,0,0,0,0,0,False,False,Caught,22157.0,Jacob Pietz,Caught,Caught,,,,,
